 2.20000000e+02
 6.73290329e-01
 7.23989470e-01
 4.40307409e-01
 1.06290743e+00
 7.12031686e-01
 8.72633232e-01
 1.58677708e+00
 1.30286026e+00
 9.00631487e-01
 6.84597494e-01
 1.05979220e+00
 7.68804896e-01
 7.63130497e-01
 1.67563169e+00
 3.89587717e-01
 4.75356493e-01
 5.81816545e-01
 6.98179854e-01
 5.81816545e-01
 1.41297698e+00
 7.62942587e-01
 1.09863733e+00
 5.91587510e-01
 5.81816545e-01
 6.86648354e-01
 7.57311456e-01
 7.53848601e-01
 2.01998433e-01
 9.96125841e-01
 5.58602503e-01
 1.01285467e+00
 6.23570492e-01
 6.98179854e-01
 6.35683121e-01
 3.60824684e-01
 4.08847520e-01
 3.87877696e-01
 5.00350826e-01
 1.00513143e+00
 4.66847602e-01
 3.42311804e-01
 5.72146914e-01
 7.23694657e-01
 7.91018904e-01
 3.23231414e-01
 2.60966505e+00
 4.05777951e-01
 5.61006312e-01
 7.39092411e-01
 2.33092004e-01
 1.67843860e+00
 4.57765570e-01
 6.03078880e-01
 4.65453236e-01
 6.59182420e-01
 4.65453236e-01
 6.00420992e-01
 5.60217122e-01
 4.01057132e-01
 6.81580337e-01
 1.10707905e+00
 1.45172523e+00
 8.91293434e+00
 5.72206962e-01
 6.81412507e-01
 9.15531104e-01
 1.37329676e+00
 9.46639393e-01
 1.58203775e+00
 1.00554097e+00
 9.35125492e-01
 1.90413250e+00
 1.87611877e+00
 7.04491827e-01
 3.62931320e-01
 3.37618224e-01
 2.37343895e-01
 1.93938848e-01
 6.57319430e-01
 3.96130411e-01
 4.90617024e-01
 3.35652487e-01
 3.35652487e-01
 5.10942973e-01
 6.73207577e-01
 4.75356495e-01
 3.68501803e-01
 8.98086179e-01
 2.91702153e+00
 5.51740444e-01
 4.67505262e-01
 4.98856394e-01
 6.59182420e-01
 4.25838141e-01
 1.47416191e-01
 1.36710078e+00
 4.36201357e-01
 3.81471308e-01
 8.85663240e-01
 6.13206923e-01
 5.88740429e-01
 6.43510084e-01
 2.85213896e-01
 5.49318684e-01
 4.57765570e-01
 1.08879396e+00
 4.84847121e-01
 3.00681833e-01
 5.10996586e-01
 7.63130497e-01
 1.11824318e+00
 9.02187073e+00
 1.47976092e+00
 2.78077190e+00
 1.28151957e+01
 1.06241677e+00
 9.98744735e-01
 9.88773630e-01
 5.19642077e-01
 4.92989591e-01
 8.23978025e-01
 5.77522270e-01
 2.39445548e-01
 6.40670747e-01
 7.35925536e-01
 8.54438023e-01
 7.09905011e-01
 1.25067561e+00
 6.98179854e-01
 8.37815824e-01
 4.27715516e-01
 5.60217122e-01
 5.49318684e-01
 4.34898526e-01
 8.89567830e-01
 5.62697040e-01
 3.60818200e-01
 4.27715516e-01
 1.08571688e+00
 1.37329676e+00
 1.23021698e+00
 1.03917505e+00
 2.47555525e-01
 9.72442534e-01
 9.88773630e-01
 4.92086774e-01
 4.67505260e-01
 4.25830488e-01
 1.20084194e+00
 4.02216372e-01
 5.29735934e-01
 3.60818200e-01
 5.67983614e-01
 6.86648354e-01
 6.98179854e-01
 3.85014847e-01
 2.18100678e-01
 3.40706267e-01
 6.03078880e-01
 5.67983614e-01
 1.02986445e+00
 7.15183643e-01
 8.37815824e-01
 1.62073760e+00
 1.69595089e+01
 9.39479412e+00
 4.40307409e-01
 4.23961387e-01
 9.30906436e-01
 9.69694266e-01
 5.72206962e-01
 6.98179854e-01
 6.46462803e-01
 7.88783316e-01
 5.28368890e-01
 8.83110643e-01
 6.84597494e-01
 4.56390128e-01
 4.02782983e-01
 7.96900673e-01
 2.43492327e+00
 4.67505260e-01
 3.35652486e-01
 6.17755435e-01
 3.96130411e-01
 5.41006908e-01
 1.16864051e+00
 1.04375647e+00
 6.76258646e-01
 7.23694657e-01
 3.96130411e-01
 2.51739369e+00
 3.26173899e+00
 3.24736386e+00
 2.92190793e+00
 2.86506526e+00
 1.67843860e+00
 8.08078565e-01
 1.14429378e+00
 7.51583533e-01
 5.91587510e-01
 8.35313462e-01
 3.30108676e-01
 1.29474706e-01
 3.49581704e+00
 1.96311211e+00
 1.85686129e+00
 2.40589976e+00
 2.36616268e+00
 2.58628331e+00
 4.36201357e-01
 3.96130411e-01
 2.94832382e-01
 5.88740429e-01
 8.51676249e-01
 6.23570492e-01
 6.92856076e-01
 1.00513143e+00
 1.53760985e+00
 1.31836479e+00
