 2.80000000e+01
 -1.00000000e+00
 2.00000000e+01
 1.27000000e+02
 -1.00000000e+00
 2.50000000e+01
 8.00000000e+00
 -1.00000000e+00
 2.20000000e+01
 3.90000000e+01
 3.40000000e+01
 0.00000000e+00
 3.10000000e+01
 3.70000000e+01
 1.88000000e+02
 1.20000000e+01
 -1.00000000e+00
 5.40000000e+01
 4.30000000e+01
 3.00000000e+00
 7.50000000e+01
 9.00000000e+01
 3.00000000e+01
 2.40000000e+01
 1.10000000e+01
 2.00000000e+00
 2.50000000e+01
 1.40000000e+01
 3.80000000e+01
 -1.00000000e+00
 9.00000000e+00
 8.30000000e+01
 -1.00000000e+00
 1.00000000e+00
 1.40000000e+01
 -1.00000000e+00
 2.00000000e+00
 4.00000000e+00
 1.80000000e+01
 2.42000000e+02
 1.31000000e+02
 -1.00000000e+00
 2.42000000e+02
 2.42000000e+02
 2.42000000e+02
 2.42000000e+02
 2.42000000e+02
 6.40000000e+01
 1.20000000e+01
 1.60000000e+01
 9.30000000e+01
 9.30000000e+01
 9.30000000e+01
 9.30000000e+01
 1.88000000e+02
 4.10000000e+01
 5.10000000e+01
 2.50000000e+01
 2.20000000e+01
 -1.00000000e+00
 3.20000000e+01
 1.56000000e+02
 -1.00000000e+00
 3.40000000e+01
 1.60000000e+01
 -1.00000000e+00
 3.30000000e+01
 3.90000000e+01
 3.50000000e+01
 1.00000000e+00
 2.80000000e+01
 3.40000000e+01
 1.96000000e+02
 1.80000000e+01
 -1.00000000e+00
 7.40000000e+01
 4.30000000e+01
 4.00000000e+00
 6.30000000e+01
 1.09000000e+02
 2.70000000e+01
 2.30000000e+01
 1.20000000e+01
 1.00000000e+00
 3.30000000e+01
 8.00000000e+00
 4.70000000e+01
 -1.00000000e+00
 3.00000000e+00
 9.40000000e+01
 -1.00000000e+00
 1.00000000e+00
 1.10000000e+01
 -1.00000000e+00
 1.00000000e+00
 2.00000000e+00
 1.80000000e+01
 2.54000000e+02
 1.31000000e+02
 -1.00000000e+00
 2.54000000e+02
 2.54000000e+02
 2.54000000e+02
 2.54000000e+02
 2.54000000e+02
 8.20000000e+01
 9.00000000e+00
 1.90000000e+01
 9.70000000e+01
 9.70000000e+01
 9.70000000e+01
 9.70000000e+01
 1.96000000e+02
 2.70000000e+01
 5.50000000e+01
 2.90000000e+01
 2.10000000e+01
 -1.00000000e+00
 2.70000000e+01
 1.75000000e+02
 -1.00000000e+00
 4.00000000e+01
 2.30000000e+01
 2.27000000e+02
 3.40000000e+01
 4.90000000e+01
 3.50000000e+01
 0.00000000e+00
 3.30000000e+01
 3.70000000e+01
 2.60000000e+02
 1.60000000e+01
 -1.00000000e+00
 7.40000000e+01
 5.00000000e+01
 9.00000000e+00
 9.20000000e+01
 1.34000000e+02
 2.40000000e+01
 2.20000000e+01
 1.30000000e+01
 1.00000000e+00
 3.70000000e+01
 9.00000000e+00
 3.50000000e+01
 -1.00000000e+00
 2.00000000e+00
 1.05000000e+02
 -1.00000000e+00
 1.00000000e+00
 1.80000000e+01
 -1.00000000e+00
 7.00000000e+00
 3.00000000e+00
 2.40000000e+01
 2.43000000e+02
 1.66000000e+02
 -1.00000000e+00
 2.43000000e+02
 2.43000000e+02
 2.43000000e+02
 2.43000000e+02
 2.43000000e+02
 9.10000000e+01
 1.50000000e+01
 2.20000000e+01
 1.36000000e+02
 1.36000000e+02
 1.36000000e+02
 1.36000000e+02
 2.60000000e+02
 3.30000000e+01
 4.50000000e+01
 2.00000000e+01
 2.30000000e+01
 -1.00000000e+00
 3.00000000e+01
 1.88000000e+02
 -1.00000000e+00
 3.40000000e+01
 1.80000000e+01
 2.33000000e+02
 4.80000000e+01
 6.40000000e+01
 4.60000000e+01
 0.00000000e+00
 2.10000000e+01
 3.70000000e+01
 1.65000000e+02
 1.60000000e+01
 -1.00000000e+00
 6.30000000e+01
 5.10000000e+01
 4.00000000e+00
 1.12000000e+02
 1.71000000e+02
 3.00000000e+01
 2.80000000e+01
 1.80000000e+01
 2.00000000e+00
 4.30000000e+01
 9.00000000e+00
 3.10000000e+01
 -1.00000000e+00
 2.00000000e+00
 1.21000000e+02
 -1.00000000e+00
 1.00000000e+00
 2.20000000e+01
 -1.00000000e+00
 6.00000000e+00
 4.00000000e+00
 2.30000000e+01
 2.85000000e+02
 1.19000000e+02
 -1.00000000e+00
 2.85000000e+02
 2.85000000e+02
 2.85000000e+02
 2.85000000e+02
 2.85000000e+02
 9.70000000e+01
 2.00000000e+01
 2.80000000e+01
 1.41000000e+02
 1.41000000e+02
 1.41000000e+02
 1.41000000e+02
 1.65000000e+02
 3.60000000e+01
 4.50000000e+01
 3.60000000e+01
 2.80000000e+01
 -1.00000000e+00
 2.70000000e+01
 1.85000000e+02
 -1.00000000e+00
 3.40000000e+01
 2.20000000e+01
 1.90000000e+02
 4.20000000e+01
 5.20000000e+01
 3.70000000e+01
 0.00000000e+00
 3.80000000e+01
 3.70000000e+01
 1.92000000e+02
 2.40000000e+01
 -1.00000000e+00
 7.60000000e+01
 5.70000000e+01
 3.00000000e+00
 1.28000000e+02
 1.68000000e+02
 3.50000000e+01
 2.30000000e+01
 1.20000000e+01
 2.00000000e+00
 2.80000000e+01
 1.20000000e+01
 4.10000000e+01
 -1.00000000e+00
 5.00000000e+00
 1.25000000e+02
 -1.00000000e+00
 1.00000000e+00
 2.10000000e+01
 -1.00000000e+00
 8.00000000e+00
 9.00000000e+00
 2.00000000e+01
 3.43000000e+02
 1.11000000e+02
 -1.00000000e+00
 3.43000000e+02
 3.43000000e+02
 3.43000000e+02
 3.43000000e+02
 3.43000000e+02
 1.18000000e+02
 2.00000000e+01
 2.10000000e+01
 1.29000000e+02
 1.29000000e+02
 1.29000000e+02
 1.29000000e+02
 1.92000000e+02
 2.60000000e+01
 6.50000000e+01
 2.30000000e+01
 1.60000000e+01
 -1.00000000e+00
 3.90000000e+01
 1.53000000e+02
 -1.00000000e+00
 4.20000000e+01
 2.20000000e+01
 1.72000000e+02
 5.30000000e+01
 6.10000000e+01
 5.00000000e+01
 1.00000000e+00
 3.70000000e+01
 4.90000000e+01
 2.64000000e+02
 2.10000000e+01
 -1.00000000e+00
 9.60000000e+01
 6.90000000e+01
 7.00000000e+00
 1.78000000e+02
 2.28000000e+02
 4.10000000e+01
 4.10000000e+01
 1.50000000e+01
 3.00000000e+00
 3.00000000e+01
 1.60000000e+01
 3.80000000e+01
 -1.00000000e+00
 4.00000000e+00
 1.27000000e+02
 -1.00000000e+00
 2.00000000e+00
 2.80000000e+01
 -1.00000000e+00
 1.10000000e+01
 9.00000000e+00
 2.00000000e+01
 2.14000000e+02
 7.10000000e+01
 -1.00000000e+00
 2.14000000e+02
 2.14000000e+02
 2.14000000e+02
 2.14000000e+02
 2.14000000e+02
 1.26000000e+02
 2.00000000e+01
 2.50000000e+01
 1.22000000e+02
 1.22000000e+02
 1.22000000e+02
 1.22000000e+02
 2.64000000e+02
 4.50000000e+01
 7.00000000e+01
 2.50000000e+01
 2.50000000e+01
 -1.00000000e+00
 4.00000000e+01
 1.36000000e+02
 -1.00000000e+00
 5.40000000e+01
 3.00000000e+01
 1.98000000e+02
 4.40000000e+01
 7.60000000e+01
 5.90000000e+01
 0.00000000e+00
 5.20000000e+01
 4.70000000e+01
 2.48000000e+02
 2.20000000e+01
 -1.00000000e+00
 9.20000000e+01
 6.70000000e+01
 7.00000000e+00
 1.97000000e+02
 2.52000000e+02
 5.40000000e+01
 5.40000000e+01
 2.10000000e+01
 8.00000000e+00
 4.00000000e+01
 1.60000000e+01
 3.90000000e+01
 -1.00000000e+00
 5.00000000e+00
 1.45000000e+02
 -1.00000000e+00
 3.00000000e+00
 2.00000000e+01
 -1.00000000e+00
 2.30000000e+01
 1.60000000e+01
 2.00000000e+01
 3.84000000e+02
 1.47000000e+02
 -1.00000000e+00
 3.84000000e+02
 3.84000000e+02
 3.84000000e+02
 3.84000000e+02
 3.84000000e+02
 1.35000000e+02
 2.30000000e+01
 2.60000000e+01
 1.26000000e+02
 1.26000000e+02
 1.26000000e+02
 1.26000000e+02
 2.48000000e+02
 4.60000000e+01
 8.90000000e+01
 3.70000000e+01
 3.10000000e+01
 -1.00000000e+00
 5.40000000e+01
 1.60000000e+02
 -1.00000000e+00
 5.40000000e+01
 2.20000000e+01
 1.42000000e+02
 6.20000000e+01
 6.00000000e+01
 4.70000000e+01
 0.00000000e+00
 5.60000000e+01
 5.70000000e+01
 2.64000000e+02
 3.30000000e+01
 -1.00000000e+00
 1.01000000e+02
 7.30000000e+01
 6.00000000e+00
 2.57000000e+02
 3.06000000e+02
 3.80000000e+01
 4.00000000e+01
 1.20000000e+01
 6.00000000e+00
 3.50000000e+01
 1.60000000e+01
 5.20000000e+01
 -1.00000000e+00
 1.10000000e+01
 1.54000000e+02
 -1.00000000e+00
 6.00000000e+00
 3.30000000e+01
 -1.00000000e+00
 1.30000000e+01
 1.10000000e+01
 2.70000000e+01
 3.80000000e+02
 1.94000000e+02
 -1.00000000e+00
 3.80000000e+02
 3.80000000e+02
 3.80000000e+02
 3.80000000e+02
 3.80000000e+02
 1.33000000e+02
 3.30000000e+01
 3.30000000e+01
 1.15000000e+02
 1.15000000e+02
 1.15000000e+02
 1.15000000e+02
 2.64000000e+02
 4.20000000e+01
 1.02000000e+02
 4.80000000e+01
 2.90000000e+01
 -1.00000000e+00
 5.50000000e+01
 1.59000000e+02
 -1.00000000e+00
 6.60000000e+01
 2.80000000e+01
 1.41000000e+02
 6.20000000e+01
 7.50000000e+01
 6.50000000e+01
 1.00000000e+00
 7.70000000e+01
 7.50000000e+01
 2.81000000e+02
 3.90000000e+01
 -1.00000000e+00
 1.31000000e+02
 1.05000000e+02
 8.00000000e+00
 2.26000000e+02
 3.11000000e+02
 4.60000000e+01
 4.60000000e+01
 1.10000000e+01
 4.00000000e+00
 4.20000000e+01
 1.40000000e+01
 4.50000000e+01
 -1.00000000e+00
 1.30000000e+01
 1.44000000e+02
 -1.00000000e+00
 4.00000000e+00
 3.00000000e+01
 -1.00000000e+00
 1.30000000e+01
 1.20000000e+01
 2.90000000e+01
 3.74000000e+02
 1.89000000e+02
 -1.00000000e+00
 3.74000000e+02
 3.74000000e+02
 3.74000000e+02
 3.74000000e+02
 3.74000000e+02
 1.13000000e+02
 3.40000000e+01
 2.30000000e+01
 1.58000000e+02
 1.58000000e+02
 1.58000000e+02
 1.58000000e+02
 2.81000000e+02
 4.80000000e+01
 1.10000000e+02
 5.30000000e+01
 3.30000000e+01
 -1.00000000e+00
 7.00000000e+01
 1.45000000e+02
 -1.00000000e+00
 6.00000000e+01
 2.00000000e+01
 1.22000000e+02
 7.30000000e+01
 8.60000000e+01
 6.30000000e+01
 2.00000000e+00
 7.70000000e+01
 7.50000000e+01
 2.74000000e+02
 4.90000000e+01
 -1.00000000e+00
 1.23000000e+02
 8.70000000e+01
 8.00000000e+00
 2.80000000e+02
 3.46000000e+02
 4.90000000e+01
 4.70000000e+01
 1.30000000e+01
 7.00000000e+00
 3.70000000e+01
 2.30000000e+01
 5.80000000e+01
 -1.00000000e+00
 1.70000000e+01
 1.74000000e+02
 -1.00000000e+00
 6.00000000e+00
 2.40000000e+01
 -1.00000000e+00
 1.60000000e+01
 2.20000000e+01
 2.90000000e+01
 3.65000000e+02
 1.99000000e+02
 -1.00000000e+00
 3.65000000e+02
 3.65000000e+02
 3.65000000e+02
 3.65000000e+02
 3.65000000e+02
 1.50000000e+02
 2.20000000e+01
 3.00000000e+01
 1.70000000e+02
 1.70000000e+02
 1.70000000e+02
 1.70000000e+02
 2.74000000e+02
 3.80000000e+01
 1.10000000e+02
 4.30000000e+01
 3.30000000e+01
 -1.00000000e+00
 7.10000000e+01
 1.52000000e+02
 -1.00000000e+00
 6.70000000e+01
 2.00000000e+01
 2.16000000e+02
 6.60000000e+01
 1.00000000e+02
 6.80000000e+01
 2.00000000e+00
 8.20000000e+01
 9.70000000e+01
 2.86000000e+02
 5.80000000e+01
 -1.00000000e+00
 1.29000000e+02
 8.30000000e+01
 2.00000000e+00
 2.68000000e+02
 3.40000000e+02
 4.70000000e+01
 5.00000000e+01
 1.60000000e+01
 3.00000000e+00
 5.00000000e+01
 1.70000000e+01
 6.20000000e+01
 -1.00000000e+00
 1.70000000e+01
 1.74000000e+02
 -1.00000000e+00
 5.00000000e+00
 4.20000000e+01
 -1.00000000e+00
 1.30000000e+01
 1.00000000e+01
 3.20000000e+01
 2.15000000e+02
 1.12000000e+02
 -1.00000000e+00
 2.15000000e+02
 2.15000000e+02
 2.15000000e+02
 2.15000000e+02
 2.15000000e+02
 1.45000000e+02
 3.70000000e+01
 3.10000000e+01
 1.42000000e+02
 1.42000000e+02
 1.42000000e+02
 1.42000000e+02
 2.86000000e+02
 4.30000000e+01
 1.33000000e+02
 4.80000000e+01
 3.50000000e+01
 -1.00000000e+00
 7.20000000e+01
 1.57000000e+02
 -1.00000000e+00
 7.50000000e+01
 3.10000000e+01
 1.16000000e+02
 6.30000000e+01
 9.50000000e+01
 7.30000000e+01
 0.00000000e+00
 8.80000000e+01
 9.80000000e+01
 2.92000000e+02
 6.50000000e+01
 -1.00000000e+00
 1.32000000e+02
 1.01000000e+02
 9.00000000e+00
 2.92000000e+02
 3.83000000e+02
 6.50000000e+01
 6.70000000e+01
 1.60000000e+01
 5.00000000e+00
 5.20000000e+01
 1.70000000e+01
 6.00000000e+01
 -1.00000000e+00
 1.80000000e+01
 1.86000000e+02
 -1.00000000e+00
 7.00000000e+00
 5.20000000e+01
 -1.00000000e+00
 2.10000000e+01
 1.80000000e+01
 3.10000000e+01
 1.72000000e+02
 6.80000000e+01
 -1.00000000e+00
 1.72000000e+02
 1.72000000e+02
 1.72000000e+02
 1.72000000e+02
 1.72000000e+02
 1.64000000e+02
 3.60000000e+01
 3.10000000e+01
 1.44000000e+02
 1.44000000e+02
 1.44000000e+02
 1.44000000e+02
 2.92000000e+02
 3.50000000e+01
 1.39000000e+02
 5.80000000e+01
 3.80000000e+01
 -1.00000000e+00
 7.70000000e+01
 1.33000000e+02
 -1.00000000e+00
 7.20000000e+01
 4.90000000e+01
 9.70000000e+01
 6.20000000e+01
 8.90000000e+01
 6.10000000e+01
 3.00000000e+00
 1.12000000e+02
 1.18000000e+02
 2.95000000e+02
 8.70000000e+01
 -1.00000000e+00
 1.36000000e+02
 9.10000000e+01
 1.00000000e+01
 3.06000000e+02
 3.97000000e+02
 6.50000000e+01
 6.70000000e+01
 2.10000000e+01
 6.00000000e+00
 6.30000000e+01
 2.00000000e+01
 5.40000000e+01
 -1.00000000e+00
 3.00000000e+01
 1.74000000e+02
 -1.00000000e+00
 7.00000000e+00
 3.80000000e+01
 -1.00000000e+00
 1.60000000e+01
 1.80000000e+01
 3.80000000e+01
 2.61000000e+02
 1.16000000e+02
 -1.00000000e+00
 2.61000000e+02
 2.61000000e+02
 2.61000000e+02
 2.61000000e+02
 2.61000000e+02
 1.50000000e+02
 3.80000000e+01
 3.40000000e+01
 1.51000000e+02
 1.51000000e+02
 1.51000000e+02
 1.51000000e+02
 2.95000000e+02
 4.40000000e+01
 1.73000000e+02
 7.00000000e+01
 3.80000000e+01
 -1.00000000e+00
 9.10000000e+01
 1.41000000e+02
 -1.00000000e+00
 1.02000000e+02
 4.40000000e+01
 1.31000000e+02
 6.90000000e+01
 7.80000000e+01
 6.90000000e+01
 1.00000000e+00
 1.03000000e+02
 1.31000000e+02
 2.86000000e+02
 1.07000000e+02
 -1.00000000e+00
 1.50000000e+02
 1.04000000e+02
 4.00000000e+00
 2.76000000e+02
 3.94000000e+02
 4.80000000e+01
 4.90000000e+01
 1.10000000e+01
 5.00000000e+00
 4.60000000e+01
 2.20000000e+01
 6.30000000e+01
 -1.00000000e+00
 3.40000000e+01
 1.79000000e+02
 -1.00000000e+00
 3.00000000e+00
 4.20000000e+01
 -1.00000000e+00
 2.50000000e+01
 2.00000000e+01
 3.70000000e+01
 1.95000000e+02
 1.19000000e+02
 -1.00000000e+00
 1.95000000e+02
 1.95000000e+02
 1.95000000e+02
 1.95000000e+02
 1.95000000e+02
 1.63000000e+02
 4.70000000e+01
 4.40000000e+01
 2.24000000e+02
 2.24000000e+02
 2.24000000e+02
 2.24000000e+02
 2.86000000e+02
 9.60000000e+01
 1.72000000e+02
 6.90000000e+01
 5.50000000e+01
 -1.00000000e+00
 7.30000000e+01
 1.83000000e+02
 6.10000000e+01
 7.20000000e+01
 4.50000000e+01
 8.60000000e+01
 6.90000000e+01
 1.10000000e+02
 6.90000000e+01
 1.00000000e+00
 7.90000000e+01
 1.17000000e+02
 2.79000000e+02
 1.15000000e+02
 -1.00000000e+00
 1.48000000e+02
 9.70000000e+01
 1.00000000e+01
 2.58000000e+02
 3.95000000e+02
 6.20000000e+01
 7.40000000e+01
 1.30000000e+01
 1.50000000e+01
 5.60000000e+01
 2.50000000e+01
 8.50000000e+01
 -1.00000000e+00
 2.90000000e+01
 1.86000000e+02
 1.20000000e+01
 8.00000000e+00
 5.20000000e+01
 -1.00000000e+00
 2.10000000e+01
 2.00000000e+01
 4.60000000e+01
 2.55000000e+02
 1.29000000e+02
 7.50000000e+01
 2.55000000e+02
 2.55000000e+02
 2.55000000e+02
 2.55000000e+02
 2.55000000e+02
 1.64000000e+02
 6.20000000e+01
 6.20000000e+01
 2.06000000e+02
 2.06000000e+02
 2.06000000e+02
 2.06000000e+02
 2.79000000e+02
 9.90000000e+01
 1.43000000e+02
 7.80000000e+01
 4.70000000e+01
 -1.00000000e+00
 7.20000000e+01
 1.89000000e+02
 5.70000000e+01
 5.40000000e+01
 3.20000000e+01
 1.22000000e+02
 8.40000000e+01
 1.10000000e+02
 6.60000000e+01
 0.00000000e+00
 7.60000000e+01
 1.19000000e+02
 2.75000000e+02
 1.09000000e+02
 -1.00000000e+00
 1.41000000e+02
 1.06000000e+02
 1.30000000e+01
 2.41000000e+02
 3.48000000e+02
 7.30000000e+01
 7.00000000e+01
 1.80000000e+01
 1.30000000e+01
 5.00000000e+01
 3.60000000e+01
 7.70000000e+01
 -1.00000000e+00
 3.10000000e+01
 1.85000000e+02
 1.20000000e+01
 8.00000000e+00
 6.10000000e+01
 -1.00000000e+00
 2.70000000e+01
 2.20000000e+01
 4.80000000e+01
 3.34000000e+02
 1.66000000e+02
 7.50000000e+01
 3.34000000e+02
 3.34000000e+02
 3.34000000e+02
 3.34000000e+02
 3.34000000e+02
 1.71000000e+02
 5.10000000e+01
 6.30000000e+01
 1.88000000e+02
 1.88000000e+02
 1.88000000e+02
 1.88000000e+02
 2.75000000e+02
 1.15000000e+02
 1.26000000e+02
 8.40000000e+01
 3.60000000e+01
 -1.00000000e+00
 7.40000000e+01
 1.74000000e+02
 5.70000000e+01
 5.50000000e+01
 2.30000000e+01
 1.21000000e+02
 7.50000000e+01
 1.19000000e+02
 1.11000000e+02
 0.00000000e+00
 7.50000000e+01
 1.13000000e+02
 2.85000000e+02
 1.07000000e+02
 -1.00000000e+00
 1.69000000e+02
 1.24000000e+02
 1.30000000e+01
 2.54000000e+02
 3.59000000e+02
 8.70000000e+01
 8.80000000e+01
 2.50000000e+01
 1.90000000e+01
 1.03000000e+02
 3.80000000e+01
 7.70000000e+01
 -1.00000000e+00
 3.90000000e+01
 1.80000000e+02
 6.00000000e+00
 3.00000000e+00
 5.50000000e+01
 -1.00000000e+00
 1.60000000e+01
 2.10000000e+01
 4.40000000e+01
 3.32000000e+02
 1.36000000e+02
 8.00000000e+01
 3.32000000e+02
 3.32000000e+02
 3.32000000e+02
 3.32000000e+02
 3.32000000e+02
 1.59000000e+02
 4.40000000e+01
 5.00000000e+01
 1.76000000e+02
 1.76000000e+02
 1.76000000e+02
 1.76000000e+02
 2.85000000e+02
 1.02000000e+02
 1.16000000e+02
 8.10000000e+01
 3.00000000e+01
 -1.00000000e+00
 7.70000000e+01
 1.56000000e+02
 5.20000000e+01
 5.90000000e+01
 5.10000000e+01
 1.12000000e+02
 8.40000000e+01
 1.16000000e+02
 1.06000000e+02
 0.00000000e+00
 7.60000000e+01
 1.10000000e+02
 2.72000000e+02
 9.70000000e+01
 -1.00000000e+00
 1.53000000e+02
 1.21000000e+02
 1.40000000e+01
 2.23000000e+02
 3.66000000e+02
 7.60000000e+01
 7.40000000e+01
 1.40000000e+01
 1.50000000e+01
 7.30000000e+01
 3.20000000e+01
 8.60000000e+01
 -1.00000000e+00
 3.20000000e+01
 1.86000000e+02
 7.00000000e+00
 5.00000000e+00
 4.50000000e+01
 -1.00000000e+00
 2.00000000e+01
 1.50000000e+01
 4.40000000e+01
 3.45000000e+02
 1.45000000e+02
 7.00000000e+01
 3.45000000e+02
 3.45000000e+02
 3.45000000e+02
 3.45000000e+02
 3.45000000e+02
 1.68000000e+02
 5.30000000e+01
 5.90000000e+01
 1.93000000e+02
 1.93000000e+02
 1.93000000e+02
 1.93000000e+02
 2.72000000e+02
 1.03000000e+02
 1.27000000e+02
 8.50000000e+01
 4.80000000e+01
 -1.00000000e+00
 8.40000000e+01
 1.79000000e+02
 7.20000000e+01
 6.80000000e+01
 5.30000000e+01
 1.18000000e+02
 7.80000000e+01
 1.14000000e+02
 9.70000000e+01
 1.00000000e+00
 5.70000000e+01
 9.20000000e+01
 2.72000000e+02
 1.05000000e+02
 -1.00000000e+00
 1.68000000e+02
 1.29000000e+02
 1.50000000e+01
 2.23000000e+02
 3.73000000e+02
 6.50000000e+01
 6.50000000e+01
 1.80000000e+01
 1.60000000e+01
 7.40000000e+01
 2.70000000e+01
 9.00000000e+01
 -1.00000000e+00
 3.80000000e+01
 1.87000000e+02
 1.00000000e+01
 9.00000000e+00
 4.60000000e+01
 -1.00000000e+00
 2.80000000e+01
 1.90000000e+01
 4.40000000e+01
 3.29000000e+02
 1.28000000e+02
 7.00000000e+01
 3.29000000e+02
 3.29000000e+02
 3.29000000e+02
 3.29000000e+02
 3.29000000e+02
 1.94000000e+02
 6.20000000e+01
 6.00000000e+01
 1.83000000e+02
 1.83000000e+02
 1.83000000e+02
 1.83000000e+02
 2.72000000e+02
 9.80000000e+01
 1.33000000e+02
 1.08000000e+02
 4.80000000e+01
 -1.00000000e+00
 9.50000000e+01
 2.02000000e+02
 9.00000000e+01
 8.20000000e+01
 3.70000000e+01
 1.72000000e+02
 7.90000000e+01
 1.23000000e+02
 9.10000000e+01
 1.00000000e+00
 7.80000000e+01
 1.13000000e+02
 3.18000000e+02
 1.10000000e+02
 -1.00000000e+00
 1.62000000e+02
 1.27000000e+02
 1.60000000e+01
 2.26000000e+02
 3.52000000e+02
 7.20000000e+01
 7.30000000e+01
 2.60000000e+01
 1.50000000e+01
 7.70000000e+01
 3.20000000e+01
 8.40000000e+01
 -1.00000000e+00
 3.80000000e+01
 1.83000000e+02
 4.00000000e+00
 3.00000000e+00
 4.90000000e+01
 -1.00000000e+00
 3.10000000e+01
 2.60000000e+01
 4.40000000e+01
 3.11000000e+02
 1.51000000e+02
 1.07000000e+02
 3.11000000e+02
 3.11000000e+02
 3.11000000e+02
 3.11000000e+02
 3.11000000e+02
 1.82000000e+02
 7.00000000e+01
 6.90000000e+01
 1.76000000e+02
 1.76000000e+02
 1.76000000e+02
 1.76000000e+02
 3.18000000e+02
 9.90000000e+01
 1.33000000e+02
 8.40000000e+01
 5.10000000e+01
 -1.00000000e+00
 1.04000000e+02
 1.99000000e+02
 7.80000000e+01
 7.00000000e+01
 3.60000000e+01
 1.41000000e+02
 8.90000000e+01
 1.08000000e+02
 8.50000000e+01
 0.00000000e+00
 5.90000000e+01
 1.31000000e+02
 2.98000000e+02
 1.15000000e+02
 -1.00000000e+00
 1.68000000e+02
 1.29000000e+02
 1.10000000e+01
 2.21000000e+02
 3.62000000e+02
 8.10000000e+01
 8.00000000e+01
 2.00000000e+01
 1.40000000e+01
 7.70000000e+01
 3.50000000e+01
 7.90000000e+01
 -1.00000000e+00
 3.10000000e+01
 1.98000000e+02
 7.00000000e+00
 5.00000000e+00
 4.30000000e+01
 -1.00000000e+00
 2.50000000e+01
 1.90000000e+01
 3.80000000e+01
 2.95000000e+02
 1.33000000e+02
 1.02000000e+02
 2.95000000e+02
 2.95000000e+02
 2.95000000e+02
 2.95000000e+02
 2.95000000e+02
 2.01000000e+02
 7.70000000e+01
 6.20000000e+01
 2.14000000e+02
 2.14000000e+02
 2.14000000e+02
 2.14000000e+02
 2.98000000e+02
 1.08000000e+02
 1.12000000e+02
 1.34000000e+02
 4.90000000e+01
 -1.00000000e+00
 9.30000000e+01
 1.73000000e+02
 7.40000000e+01
 7.90000000e+01
 5.00000000e+01
 1.10000000e+02
 9.20000000e+01
 1.23000000e+02
 1.05000000e+02
 0.00000000e+00
 7.10000000e+01
 1.37000000e+02
 2.70000000e+02
 1.30000000e+02
 -1.00000000e+00
 1.52000000e+02
 1.14000000e+02
 1.80000000e+01
 2.34000000e+02
 3.75000000e+02
 8.80000000e+01
 8.60000000e+01
 1.70000000e+01
 1.60000000e+01
 6.90000000e+01
 3.90000000e+01
 8.50000000e+01
 -1.00000000e+00
 2.80000000e+01
 2.11000000e+02
 1.50000000e+01
 9.00000000e+00
 4.60000000e+01
 -1.00000000e+00
 2.80000000e+01
 2.60000000e+01
 3.90000000e+01
 2.73000000e+02
 1.52000000e+02
 1.09000000e+02
 2.73000000e+02
 2.73000000e+02
 2.73000000e+02
 2.73000000e+02
 2.73000000e+02
 2.01000000e+02
 6.60000000e+01
 7.40000000e+01
 1.64000000e+02
 1.64000000e+02
 1.64000000e+02
 1.64000000e+02
 2.70000000e+02
 1.17000000e+02
 1.22000000e+02
 9.40000000e+01
 3.20000000e+01
 -1.00000000e+00
 1.12000000e+02
 1.87000000e+02
 7.90000000e+01
 8.50000000e+01
 4.70000000e+01
 1.11000000e+02
 8.30000000e+01
 1.31000000e+02
 8.90000000e+01
 1.00000000e+00
 7.00000000e+01
 1.21000000e+02
 2.93000000e+02
 1.30000000e+02
 -1.00000000e+00
 1.64000000e+02
 1.14000000e+02
 1.30000000e+01
 2.53000000e+02
 3.77000000e+02
 7.30000000e+01
 7.90000000e+01
 2.60000000e+01
 1.90000000e+01
 5.70000000e+01
 2.70000000e+01
 1.00000000e+02
 -1.00000000e+00
 3.30000000e+01
 2.08000000e+02
 9.00000000e+00
 6.00000000e+00
 5.20000000e+01
 -1.00000000e+00
 2.20000000e+01
 1.80000000e+01
 3.90000000e+01
 2.90000000e+02
 1.48000000e+02
 1.07000000e+02
 2.90000000e+02
 2.90000000e+02
 2.90000000e+02
 2.90000000e+02
 2.90000000e+02
 2.01000000e+02
 7.40000000e+01
 8.00000000e+01
 1.93000000e+02
 1.93000000e+02
 1.93000000e+02
 1.93000000e+02
 2.93000000e+02
 1.21000000e+02
 1.34000000e+02
 9.30000000e+01
 4.90000000e+01
 -1.00000000e+00
 1.11000000e+02
 1.90000000e+02
 7.60000000e+01
 8.60000000e+01
 5.20000000e+01
 1.46000000e+02
 8.80000000e+01
 1.56000000e+02
 9.90000000e+01
 1.00000000e+00
 7.90000000e+01
 1.44000000e+02
 2.71000000e+02
 1.43000000e+02
 -1.00000000e+00
 1.65000000e+02
 1.16000000e+02
 2.20000000e+01
 2.11000000e+02
 3.76000000e+02
 7.30000000e+01
 7.90000000e+01
 1.90000000e+01
 2.00000000e+01
 6.50000000e+01
 2.30000000e+01
 8.00000000e+01
 -1.00000000e+00
 3.60000000e+01
 1.82000000e+02
 8.00000000e+00
 7.00000000e+00
 5.60000000e+01
 -1.00000000e+00
 2.40000000e+01
 2.00000000e+01
 4.30000000e+01
 2.85000000e+02
 1.35000000e+02
 1.07000000e+02
 2.85000000e+02
 2.85000000e+02
 2.85000000e+02
 2.85000000e+02
 2.85000000e+02
 1.70000000e+02
 7.10000000e+01
 7.40000000e+01
 1.60000000e+02
 1.60000000e+02
 1.60000000e+02
 1.60000000e+02
 2.71000000e+02
 9.80000000e+01
 1.47000000e+02
 8.40000000e+01
 5.10000000e+01
 -1.00000000e+00
 1.02000000e+02
 1.98000000e+02
 8.20000000e+01
 8.20000000e+01
 4.60000000e+01
 1.22000000e+02
 9.80000000e+01
 1.45000000e+02
 8.90000000e+01
 1.00000000e+00
 6.10000000e+01
 1.05000000e+02
 2.68000000e+02
 1.08000000e+02
 -1.00000000e+00
 1.60000000e+02
 1.37000000e+02
 1.10000000e+01
 2.00000000e+02
 3.67000000e+02
 8.50000000e+01
 9.10000000e+01
 2.00000000e+01
 1.50000000e+01
 8.80000000e+01
 4.70000000e+01
 8.00000000e+01
 -1.00000000e+00
 5.10000000e+01
 1.66000000e+02
 1.20000000e+01
 8.00000000e+00
 5.70000000e+01
 -1.00000000e+00
 2.30000000e+01
 2.00000000e+01
 4.90000000e+01
 1.95000000e+02
 9.10000000e+01
 1.09000000e+02
 1.95000000e+02
 1.95000000e+02
 1.95000000e+02
 1.95000000e+02
 1.95000000e+02
 1.75000000e+02
 6.50000000e+01
 6.80000000e+01
 1.92000000e+02
 1.92000000e+02
 1.92000000e+02
 1.92000000e+02
 2.68000000e+02
 1.18000000e+02
 1.24000000e+02
 8.30000000e+01
 6.20000000e+01
 -1.00000000e+00
 9.80000000e+01
 1.87000000e+02
 7.30000000e+01
 7.30000000e+01
 6.00000000e+01
 1.40000000e+02
 8.90000000e+01
 1.57000000e+02
 1.01000000e+02
 1.00000000e+00
 6.10000000e+01
 1.05000000e+02
 2.57000000e+02
 1.12000000e+02
 -1.00000000e+00
 1.71000000e+02
 1.20000000e+02
 2.20000000e+01
 2.08000000e+02
 3.60000000e+02
 8.40000000e+01
 9.20000000e+01
 2.30000000e+01
 1.50000000e+01
 8.00000000e+01
 3.40000000e+01
 9.90000000e+01
 -1.00000000e+00
 4.10000000e+01
 1.75000000e+02
 1.00000000e+01
 7.00000000e+00
 5.70000000e+01
 -1.00000000e+00
 2.60000000e+01
 2.00000000e+01
 4.30000000e+01
 2.36000000e+02
 1.14000000e+02
 1.12000000e+02
 2.36000000e+02
 2.36000000e+02
 2.36000000e+02
 2.36000000e+02
 2.36000000e+02
 1.38000000e+02
 6.70000000e+01
 6.90000000e+01
 1.70000000e+02
 1.70000000e+02
 1.70000000e+02
 1.70000000e+02
 2.57000000e+02
 9.50000000e+01
 1.34000000e+02
 9.40000000e+01
 6.20000000e+01
 -1.00000000e+00
 9.80000000e+01
 1.87000000e+02
 7.20000000e+01
 7.30000000e+01
 6.00000000e+01
 1.40000000e+02
 8.90000000e+01
 1.57000000e+02
 1.01000000e+02
 1.00000000e+00
 6.10000000e+01
 1.05000000e+02
 2.61000000e+02
 1.12000000e+02
 -1.00000000e+00
 1.71000000e+02
 1.20000000e+02
 2.20000000e+01
 2.08000000e+02
 3.60000000e+02
 8.40000000e+01
 9.20000000e+01
 2.30000000e+01
 3.30000000e+01
 8.00000000e+01
 3.40000000e+01
 9.90000000e+01
 -1.00000000e+00
 4.10000000e+01
 1.75000000e+02
 1.00000000e+01
 7.00000000e+00
 5.70000000e+01
 -1.00000000e+00
 2.60000000e+01
 2.00000000e+01
 4.30000000e+01
 3.10000000e+02
 1.40000000e+02
 9.50000000e+01
 3.10000000e+02
 3.10000000e+02
 3.10000000e+02
 3.10000000e+02
 3.10000000e+02
 1.38000000e+02
 6.70000000e+01
 6.90000000e+01
 2.11000000e+02
 2.11000000e+02
 2.11000000e+02
 2.11000000e+02
 2.61000000e+02
 1.01000000e+02
 1.34000000e+02
 9.40000000e+01
 -1.00000000e+00
 -1.00000000e+00
 -1.00000000e+00
 -1.00000000e+00
 9.10000000e+01
 -1.00000000e+00
 -1.00000000e+00
 -1.00000000e+00
 -1.00000000e+00
 -1.00000000e+00
 -1.00000000e+00
 -1.00000000e+00
 -1.00000000e+00
 -1.00000000e+00
 2.73000000e+02
 -1.00000000e+00
 -1.00000000e+00
 -1.00000000e+00
 -1.00000000e+00
 -1.00000000e+00
 -1.00000000e+00
 -1.00000000e+00
 -1.00000000e+00
 -1.00000000e+00
 -1.00000000e+00
 3.30000000e+01
 -1.00000000e+00
 -1.00000000e+00
 -1.00000000e+00
 -1.00000000e+00
 -1.00000000e+00
 -1.00000000e+00
 6.00000000e+00
 -1.00000000e+00
 -1.00000000e+00
 -1.00000000e+00
 -1.00000000e+00
 -1.00000000e+00
 -1.00000000e+00
 3.33000000e+02
 1.82000000e+02
 1.02000000e+02
 3.33000000e+02
 3.33000000e+02
 3.33000000e+02
 3.33000000e+02
 3.33000000e+02
 -1.00000000e+00
 -1.00000000e+00
 -1.00000000e+00
 1.80000000e+02
 1.80000000e+02
 1.80000000e+02
 1.80000000e+02
 2.73000000e+02
 9.70000000e+01
 -1.00000000e+00
 -1.00000000e+00
 -1.00000000e+00
 -1.00000000e+00
 -1.00000000e+00
 -1.00000000e+00
 7.40000000e+01
 -1.00000000e+00
 -1.00000000e+00
 -1.00000000e+00
 -1.00000000e+00
 -1.00000000e+00
 -1.00000000e+00
 -1.00000000e+00
 -1.00000000e+00
 -1.00000000e+00
 2.62000000e+02
 -1.00000000e+00
 -1.00000000e+00
 -1.00000000e+00
 -1.00000000e+00
 -1.00000000e+00
 -1.00000000e+00
 -1.00000000e+00
 -1.00000000e+00
 -1.00000000e+00
 -1.00000000e+00
 3.20000000e+01
 -1.00000000e+00
 -1.00000000e+00
 -1.00000000e+00
 -1.00000000e+00
 -1.00000000e+00
 -1.00000000e+00
 6.00000000e+00
 -1.00000000e+00
 -1.00000000e+00
 -1.00000000e+00
 -1.00000000e+00
 -1.00000000e+00
 -1.00000000e+00
 2.83000000e+02
 1.02000000e+02
 1.07000000e+02
 2.83000000e+02
 2.83000000e+02
 2.83000000e+02
 2.83000000e+02
 2.83000000e+02
 -1.00000000e+00
 -1.00000000e+00
 -1.00000000e+00
 2.19000000e+02
 2.19000000e+02
 2.19000000e+02
 2.19000000e+02
 2.62000000e+02
 1.22000000e+02
 -1.00000000e+00
 -1.00000000e+00
 -1.00000000e+00
 -1.00000000e+00
 -1.00000000e+00
 -1.00000000e+00
 7.60000000e+01
 -1.00000000e+00
 -1.00000000e+00
 -1.00000000e+00
 -1.00000000e+00
 -1.00000000e+00
 -1.00000000e+00
 -1.00000000e+00
 -1.00000000e+00
 -1.00000000e+00
 3.11000000e+02
 -1.00000000e+00
 -1.00000000e+00
 -1.00000000e+00
 -1.00000000e+00
 -1.00000000e+00
 -1.00000000e+00
 -1.00000000e+00
 -1.00000000e+00
 -1.00000000e+00
 -1.00000000e+00
 3.40000000e+01
 -1.00000000e+00
 -1.00000000e+00
 -1.00000000e+00
 -1.00000000e+00
 -1.00000000e+00
 -1.00000000e+00
 6.00000000e+00
 -1.00000000e+00
 -1.00000000e+00
 -1.00000000e+00
 -1.00000000e+00
 -1.00000000e+00
 -1.00000000e+00
 2.42000000e+02
 1.03000000e+02
 9.70000000e+01
 2.42000000e+02
 2.42000000e+02
 2.42000000e+02
 2.42000000e+02
 2.42000000e+02
 -1.00000000e+00
 -1.00000000e+00
 -1.00000000e+00
 1.78000000e+02
 1.78000000e+02
 1.78000000e+02
 1.78000000e+02
 3.11000000e+02
 1.29000000e+02
 -1.00000000e+00
 -1.00000000e+00
