 2.82131884e+01
 1.81670525e-01
 8.81451753e-01
 7.05944644e-01
 9.05343698e+00
 9.16369938e-03
 4.20854477e+01
 2.65961043e-01
 7.11335863e-01
 4.56278811e-01
 6.43694005e+00
 6.08369334e-03
 5.30838734e+01
 2.11212934e-01
 8.99194089e-01
 5.47534573e-01
 1.15917990e+01
 8.58844857e-03
 5.33942044e+01
 1.36367805e-01
 9.95544169e-01
 1.00966692e+00
 5.10709075e+00
 1.40808622e-02
 4.32857808e+01
 2.52515690e-01
 1.12426653e+00
 5.11030240e-01
 6.23210084e+00
 9.26693531e-03
 2.90311481e+01
 2.83869056e-01
 1.51201640e+00
 7.69750748e-01
 1.21087955e+01
 1.32528716e-02
 3.41890176e+01
 1.64398965e-01
 8.46371642e-01
 4.46870440e-01
 4.73176149e+00
 7.33423030e-03
 2.81717067e+01
 1.49658856e-01
 1.06701222e+00
 5.25679289e-01
 7.44787023e+00
 5.98385019e-03
 3.67536057e+01
 2.01092496e-01
 1.16132583e+00
 5.13163116e-01
 7.32188887e+00
 1.50645706e-02
 4.22300300e+01
 1.89082087e-01
 1.17600809e+00
 5.79585378e-01
 1.05575494e+01
 1.17329763e-02
 4.15183495e+01
 1.24715713e-01
 1.10635346e+00
 3.95589271e-01
 8.21433794e+00
 6.59315452e-03
 3.76753848e+01
 1.40600992e-01
 1.12426653e+00
 5.47534573e-01
 1.18691366e+01
 8.04979691e-03
 3.16620290e+01
 2.49168298e-01
 1.25887172e+00
 4.46870440e-01
 1.00508978e+01
 1.05622598e-02
 4.20892068e+01
 3.04146624e-01
 6.80164305e-01
 8.14809328e-01
 7.51538127e+00
 1.45302156e-02
 2.59387192e+01
 1.45501666e-01
 1.42710804e+00
 4.42752738e-01
 7.44787023e+00
 1.46538949e-02
 2.36397975e+01
 1.17167493e-01
 7.74306021e-01
 5.28112990e-01
 8.14297247e+00
 1.57705031e-02
 4.64833013e+01
 1.23728838e-01
 1.03107394e+00
 4.00635054e-01
 5.54292060e+00
 1.48364207e-02
 3.02569728e+01
 1.50297850e-01
 1.45825003e+00
 5.63232254e-01
 4.10321156e+00
 7.97986096e-03
 2.78643671e+01
 1.97935907e-01
 1.42710804e+00
 4.80762064e-01
 7.57960592e+00
 1.35244971e-02
 2.35848288e+01
 2.22546310e-01
 1.61833240e+00
 7.63659710e-01
 5.86738424e+00
 1.12184769e-02
 3.15304311e+01
 9.70003450e-02
 1.22390307e+00
 5.62403966e-01
 6.87385161e+00
 1.06465056e-02
 3.25768211e+01
 2.43338639e-01
 6.19237129e-01
 6.36383091e-01
 6.38388877e+00
 1.06063849e-02
 7.15939468e+01
 2.37251877e-01
 6.32484043e-01
 4.03576920e-01
 8.50085258e+00
 1.20238280e-02
 3.37318539e+01
 1.33472222e-01
 1.10937886e+00
 6.19853834e-01
 1.12646898e+01
 9.37339944e-03
 2.45177469e+01
 2.42190372e-01
 7.14307551e-01
 5.32325280e-01
 1.25646941e+01
 9.85036992e-03
 3.69192353e+01
 2.65898920e-01
 9.83114969e-01
 4.40053818e-01
 9.61906239e+00
 1.26121725e-02
 3.50694983e+01
 1.71624228e-01
 7.49259723e-01
 5.35959658e-01
 8.21433794e+00
 1.19698859e-02
 3.36373920e+01
 1.37818198e-01
 1.03737299e+00
 5.91022195e-01
 1.41236283e+01
 1.21047356e-02
 3.25844323e+01
 3.51914645e-01
 9.33048929e-01
 1.01382208e+00
 6.24893296e+00
 6.97659465e-03
 3.13446389e+01
 1.39634767e-01
 1.12234853e+00
 5.82006663e-01
 1.04270183e+01
 7.50617998e-03
 3.56137014e+01
 1.26120729e-01
 5.42586597e-01
 5.96004417e-01
 5.86738424e+00
 1.69752617e-02
 2.99923613e+01
 1.37285416e-01
 1.28053203e+00
 4.82987815e-01
 9.30933420e+00
 5.89184943e-03
 1.94000690e+01
 1.58419375e-01
 7.05476019e-01
 7.91816205e-01
 8.79715140e+00
 8.48226299e-03
 2.03506057e+01
 2.53455520e-01
 1.40004280e+00
 3.81992678e-01
 9.42983651e+00
 1.24544705e-02
 3.66008930e+01
 1.30830238e-01
 1.06957555e+00
 3.46432537e-01
 7.98253735e+00
 9.09118702e-03
 2.19012960e+01
 1.19697914e-01
 1.14631964e+00
 4.22348739e-01
 8.97478149e+00
 9.65629519e-03
 3.52865559e+01
 1.35174674e-01
 1.36367843e+00
 5.82006663e-01
 5.36603937e+00
 9.62335406e-03
 4.17954229e+01
 1.20190516e-01
 1.00003057e+00
 4.82060542e-01
 1.23160120e+01
 1.39694404e-02
 2.41974626e+01
 2.15444591e-01
 1.20003669e+00
 6.75878705e-01
 6.75453938e+00
 5.34451530e-03
 5.41074407e+01
 9.42972468e-02
 1.23966872e+00
 4.22250086e-01
 6.81147906e+00
 9.97817169e-03
 4.70703109e+01
 1.77306659e-01
 5.76260952e-01
 5.42957529e-01
 9.61906239e+00
 1.03930174e-02
 3.30808257e+01
 3.18293581e-01
 8.81397118e-01
 6.86496914e-01
 5.72597937e+00
 1.12646451e-02
 3.87402871e+01
 3.54837728e-01
 9.55266363e-01
 5.58590267e-01
 8.33715023e+00
 8.80188316e-03
 2.48202071e+01
 2.15528509e-01
 1.00003057e+00
 3.63525557e-01
 1.02206454e+01
 1.44285936e-02
 1.91062525e+01
 1.76569021e-01
 1.26413081e+00
 5.72161970e-01
 7.41354825e+00
 1.12646451e-02
 4.65491889e+01
 1.52680734e-01
 6.57793210e-01
 5.36244529e-01
 6.23210084e+00
 1.01264267e-02
 4.54767552e+01
 1.68266723e-01
 1.58016978e+00
 5.90826382e-01
 7.21019978e+00
 1.06465056e-02
 3.66968136e+01
 1.68266723e-01
 1.40004280e+00
 4.14338856e-01
 7.44787023e+00
 1.05622598e-02
 2.63288728e+01
 3.54837728e-01
 1.00675972e+00
 8.88961108e-01
 4.31112645e+00
 1.26103824e-02
 5.07124166e+01
 1.73797381e-01
 1.20291959e+00
 6.73108612e-01
 8.44980783e+00
 5.77387562e-03
 3.62719615e+01
 1.62887259e-01
 1.61833240e+00
 4.68669972e-01
 7.55853020e+00
 1.05622598e-02
 2.14589279e+01
 2.01092496e-01
 1.28927469e+00
 4.46633048e-01
 6.38388877e+00
 5.44783398e-03
 3.54556294e+01
 1.53948935e-01
 1.63200628e+00
 8.65715615e-01
 7.27294961e+00
 8.97878570e-03
 4.35700409e+01
 1.64260372e-01
 6.88389545e-01
 5.98690302e-01
 7.47852100e+00
 9.38720424e-03
 3.56137014e+01
 1.28290779e-01
 9.63745363e-01
 6.70308321e-01
 1.12646898e+01
 1.39694404e-02
 4.37685679e+01
 2.79027778e-01
 1.02408216e+00
 5.02314815e-01
 7.94575147e+00
 9.30983779e-03
 4.01988668e+01
 2.63629986e-01
 1.05742719e+00
 8.07489856e-01
 7.06817014e+00
 9.12557622e-03
 3.66433761e+01
 1.55717593e-01
 1.00381338e+00
 4.80791865e-01
 8.51720448e+00
 7.47601360e-03
 2.35109903e+01
 1.09057667e-01
 1.09759889e+00
 6.43151589e-01
 7.27294961e+00
 9.53467936e-03
 3.27637026e+01
 1.79607090e-01
 7.70737791e-01
 7.69750748e-01
 8.04620699e+00
 1.06465056e-02
 2.21879061e+01
 1.36883643e-01
 1.52269516e+00
 6.38790336e-01
 1.04270183e+01
 7.44784067e-03
 2.49431427e+01
 1.79607090e-01
 8.38770465e-01
 1.00556259e+00
 1.05575494e+01
 1.30337729e-02
 2.51482376e+01
 1.00429280e-01
 8.98984053e-01
 3.33862545e-01
 9.25338040e+00
 5.49429543e-03
 3.49399859e+01
 2.29964521e-01
 1.08402843e+00
 7.63432352e-01
 8.06793879e+00
 7.50724551e-03
 3.20670179e+01
 9.88973178e-02
 1.00003057e+00
 6.18368297e-01
 5.95629848e+00
 9.09118702e-03
 3.22734591e+01
 1.00158763e-01
 1.01042852e+00
 1.00556259e+00
 7.88029594e+00
 7.44784067e-03
 2.01788460e+01
 2.07640249e-01
 9.07344812e-01
 4.07012114e-01
 1.62300063e+01
 1.21607761e-02
 3.33609671e+01
 1.87685585e-01
 1.16184858e+00
 4.72659230e-01
 8.68473407e+00
 6.87382433e-03
 3.27666023e+01
 2.28070119e-01
 8.25872707e-01
 4.50434731e-01
 1.37905726e+01
 8.97878570e-03
 2.47876446e+01
 9.89498833e-02
 8.36511154e-01
 5.98690302e-01
 1.05136687e+01
 6.05875928e-03
 3.09921067e+01
 2.01920067e-01
 2.16028110e+00
 6.59786355e-01
 7.44787023e+00
 7.44784067e-03
 4.17327339e+01
 1.58961650e-01
 1.90400732e+00
 1.13048580e+00
 8.04620699e+00
 5.31988620e-03
 4.08215645e+01
 2.09522399e-01
 1.22361718e+00
 3.81348379e-01
 1.19240863e+01
 8.55271859e-03
 4.30915892e+01
 1.71624228e-01
 8.16965002e-01
 1.05079149e+00
 7.33095950e+00
 9.93218933e-03
 1.76713812e+01
 2.22546310e-01
 1.13323381e+00
 5.91288234e-01
 6.43983753e+00
 1.51359943e-02
 3.03954272e+01
 2.14632701e-01
 7.62151582e-01
 5.72161970e-01
 9.05343698e+00
 7.12726549e-03
 2.66843761e+01
 1.64260372e-01
 5.64191590e-01
 4.77501985e-01
 1.12646898e+01
 6.84298653e-03
 3.60402058e+01
 1.32016145e-01
 1.02872897e+00
 3.98993048e-01
 7.76008884e+00
 9.62335406e-03
 2.27218250e+01
 1.84822604e-01
 6.13734487e-01
 7.18148638e-01
 9.85040902e+00
 1.23130113e-02
 3.15946474e+01
 1.83216881e-01
 1.50005181e+00
 5.15106277e-01
 7.06496224e+00
 8.01680476e-03
 1.61315777e+01
 1.94605642e-01
 6.66463521e-01
 5.14348762e-01
 1.47805692e+01
 6.49370501e-03
 3.05193489e+01
 1.62229495e-01
 1.91282217e+00
 4.12429460e-01
 8.24245594e+00
 6.87382433e-03
 4.83179755e+01
 2.40273920e-01
 9.95635430e-01
 4.71488105e-01
 7.77873128e+00
 8.85505477e-03
 4.21606908e+01
 1.51309195e-01
 9.95422136e-01
 6.92134162e-01
 8.01875846e+00
 8.01319776e-03
 2.73390817e+01
 1.56977041e-01
 7.49153378e-01
 5.65839811e-01
 4.84700742e+00
 8.01270107e-03
 4.46872214e+01
 2.86262027e-01
 1.13323381e+00
 6.25618617e-01
 1.02633433e+01
 5.95311068e-03
 3.26776011e+01
 1.35191246e-01
 8.74012274e-01
 4.67604079e-01
 4.93972035e+00
 7.12726549e-03
 3.02541994e+01
 1.73875613e-01
 7.49328407e-01
 6.34972220e-01
 9.97825043e+00
 1.06465056e-02
 2.68326564e+01
 3.54837728e-01
 5.92779886e-01
 5.45471221e-01
 7.53817055e+00
 6.87382433e-03
 2.31180347e+01
 1.95488673e-01
 9.44729342e-01
 5.40764984e-01
 6.87075885e+00
 1.44229757e-02
 2.61696312e+01
 1.75810185e-01
 8.66541921e-01
 9.08159661e-01
 1.12646898e+01
 1.00012259e-02
 2.66881512e+01
 1.97278758e-01
 5.58089071e-01
 6.86657304e-01
 7.24032123e+00
 1.65436946e-02
 2.53409243e+01
 1.89182587e-01
 1.17111562e+00
 3.66711515e-01
 7.27294961e+00
 7.37921231e-03
 3.58433249e+01
 8.75838398e-02
 1.16094106e+00
 5.83714935e-01
 5.36653128e+00
 1.01787156e-02
 3.71066463e+01
 2.12767990e-01
 1.05774210e+00
 6.57082216e-01
 1.12646898e+01
 7.90587123e-03
 1.93833229e+01
 7.82589740e-02
 1.59449319e+00
 8.34303904e-01
 6.00849982e+00
 8.17449172e-03
 3.58904109e+01
 1.79607090e-01
 8.19262474e-01
 5.63485784e-01
 8.44320773e+00
 1.29387635e-02
 3.40889617e+01
 1.70833333e-01
 6.82492535e-01
 4.81008286e-01
 1.19240863e+01
 1.50239927e-02
 4.60164593e+01
 2.92006366e-01
 8.26168725e-01
 5.72214420e-01
 7.04086109e+00
 1.18204439e-02
 2.60331205e+01
 1.59697584e-01
 1.16670233e+00
 3.72268655e-01
 9.31210660e+00
 1.15875542e-02
 3.36554306e+01
 1.44831151e-01
 1.32262108e+00
 3.57186641e-01
 1.57705657e+01
 8.24858920e-03
 2.13780612e+01
 2.31479987e-01
 7.05476019e-01
 8.67795367e-01
 7.03600644e+00
 7.44784067e-03
 1.64916472e+01
 2.53106982e-01
 8.78075624e-01
 2.68236599e-01
 7.98253735e+00
 8.33878478e-03
 4.76187403e+01
 2.49110097e-01
 1.00003057e+00
 5.08935779e-01
 6.41055821e+00
 1.26054725e-02
 2.73891593e+01
 1.94605642e-01
 6.42281492e-01
 3.53510966e-01
 7.94935930e+00
 5.45703825e-03
 3.23337035e+01
 2.35588014e-01
 9.44361507e-01
 5.90826382e-01
 7.76008884e+00
 7.00670719e-03
 3.45330598e+01
 2.05949074e-01
 9.40799045e-01
 5.60889075e-01
 8.72753954e+00
 9.86931770e-03
 3.33720237e+01
 1.96369640e-01
 1.00003057e+00
 3.14324156e-01
 6.75757982e+00
 1.19709832e-02
 4.12012144e+01
 1.44831151e-01
 1.09759889e+00
 7.50343521e-01
 7.06496224e+00
 8.31514308e-03
 2.49692391e+01
 1.62156503e-01
 7.62151582e-01
 4.52520077e-01
 1.11755523e+01
 1.19691440e-02
 3.39786280e+01
 1.07709303e-01
 7.87274452e-01
 1.01382208e+00
 1.38473260e+01
 1.49051078e-02
 2.70043099e+01
 1.80022067e-01
 1.16411574e+00
 5.82006663e-01
 7.59259259e+00
 1.27227062e-02
 3.33231760e+01
 1.66860119e-01
 1.48693315e+00
 4.10528863e-01
 1.02633433e+01
 1.11417130e-02
 3.02186249e+01
 1.69045735e-01
 1.07903291e+00
 4.61766122e-01
 4.39777259e+00
 8.11400302e-03
 3.26979669e+01
 9.57579515e-02
 1.84336243e+00
 5.43024092e-01
 8.97478149e+00
 1.11237926e-02
 2.74080504e+01
 1.90491666e-01
 1.07903291e+00
 6.89525895e-01
 1.01595555e+01
 5.07234091e-03
 3.51112489e+01
 1.79607090e-01
 1.03259247e+00
 1.00547042e+00
 6.81373654e+00
 1.03308972e-02
 2.61536442e+01
 1.81039657e-01
 1.25887172e+00
 5.08935779e-01
 8.14297247e+00
 9.09118702e-03
 3.50859517e+01
 2.29008712e-01
 1.19515849e+00
 4.98862854e-01
 7.62477358e+00
 1.57058676e-02
 2.47806679e+01
 1.50793025e-01
 1.41120970e+00
 8.86830630e-01
 8.44320773e+00
 5.23873593e-03
 2.43214556e+01
 1.06908982e-01
 1.36367843e+00
 1.10393522e+00
 7.59755947e+00
 1.23636839e-02
 3.55229748e+01
 1.24152367e-01
 6.66463521e-01
 1.03405135e+00
 1.23171410e+01
 1.31969368e-02
 6.00460622e+01
 2.29964521e-01
 1.69360688e+00
 5.45290499e-01
 9.85040902e+00
 7.60464685e-03
 2.09549437e+01
 1.19697914e-01
 1.73475534e+00
 4.08687122e-01
 1.00883059e+01
 8.87127476e-03
 4.16791868e+01
 1.50098126e-01
 8.26168725e-01
 6.22723527e-01
 7.52780447e+00
 1.35801555e-02
 2.03091581e+01
 2.51367604e-01
 8.82140789e-01
 4.16939239e-01
 1.02206454e+01
 1.11718053e-02
 4.64737811e+01
 1.44905326e-01
 2.03232826e+00
 5.84208218e-01
 8.90029731e+00
 6.64988414e-03
 2.59748201e+01
 1.02171780e-01
 1.23403245e+00
 6.51688645e-01
 1.10324143e+01
 7.06855249e-03
 3.75711674e+01
 2.18893969e-01
 1.52397992e+00
 7.91816205e-01
 5.62878281e+00
 1.20191465e-02
 3.89148696e+01
 1.47140851e-01
 7.25461408e-01
 5.08935779e-01
 6.59175393e+00
 1.04214378e-02
 3.45849589e+01
 1.45501666e-01
 1.22889859e+00
 7.63659710e-01
 9.89094713e+00
 1.68970347e-02
 4.25207635e+01
 1.62960580e-01
 1.11390694e+00
 6.38790336e-01
 6.62145956e+00
 1.05974434e-02
 4.04567213e+01
 1.35788035e-01
 1.63956186e+00
 3.23334483e-01
 8.93744428e+00
 1.11718053e-02
 2.53159466e+01
 1.63577652e-01
 1.22930587e+00
 6.38790336e-01
 1.04270183e+01
 1.58301582e-02
 3.26504630e+01
 1.86296770e-01
 4.72027535e-01
 6.19853834e-01
 8.57535453e+00
 1.72382158e-02
 2.61500689e+01
 1.71664326e-01
 9.07344812e-01
 4.72871989e-01
 4.96522712e+00
 1.24246223e-02
 3.17772597e+01
 2.01932583e-01
 9.18542524e-01
 8.44851734e-01
 6.84217487e+00
 9.09118702e-03
 2.72645250e+01
 1.97112446e-01
 7.11102978e-01
 7.60140540e-01
 5.19496401e+00
 1.03308972e-02
 2.72863569e+01
 2.21634203e-01
 1.20960832e+00
 6.51688645e-01
 4.32913668e+00
 1.89263386e-02
 2.42631670e+01
 1.35199626e-01
 1.08402843e+00
 5.88196819e-01
 4.78395062e+00
 6.92865075e-03
 3.50452859e+01
 2.60338610e-01
 1.54889485e+00
 5.58590267e-01
 8.97478149e+00
 1.18141645e-02
 2.40267085e+01
 1.67577080e-01
 1.22889859e+00
 5.19058642e-01
 6.41016086e+00
 9.05040153e-03
 3.52043055e+01
 1.31407776e-01
 6.48103437e-01
 4.98908585e-01
 6.49373078e+00
 8.83572568e-03
 4.11742793e+01
 1.55978121e-01
 9.32739797e-01
 4.20402431e-01
 1.04699294e+01
 1.00462963e-02
 3.18161132e+01
 1.47106481e-01
 1.38733897e+00
 9.23785573e-01
 4.75321342e+00
 1.35175741e-02
 3.91013187e+01
 2.01932583e-01
 1.14658746e+00
 5.25679289e-01
 7.76008884e+00
 1.51324588e-02
 2.92822605e+01
 2.13753027e-01
 2.22134188e+00
 9.23700897e-01
 7.44787023e+00
 1.03308972e-02
 3.37937748e+01
 1.26647613e-01
 7.87628830e-01
 5.72080761e-01
 5.02738453e+00
 1.65398303e-02
 5.33056374e+01
 1.09057667e-01
 1.40004280e+00
 6.78435349e-01
 6.53959337e+00
 6.05875928e-03
 4.09105039e+01
 1.39634767e-01
 7.14474440e-01
 6.92340286e-01
 8.10114137e+00
 9.49694934e-03
 3.26979669e+01
 2.77110269e-01
 9.63745363e-01
 4.13989556e-01
 8.97882134e+00
 8.54938855e-03
 3.17772597e+01
 3.31070841e-01
 9.14581899e-01
 5.08935779e-01
 8.51720448e+00
 9.58105935e-03
 3.75371170e+01
 1.53258279e-01
 7.83693950e-01
 5.27700483e-01
 7.71115033e+00
 5.23873593e-03
 5.14680533e+01
 2.77110269e-01
 1.11390694e+00
 3.82828327e-01
 6.84217487e+00
 1.03061383e-02
 2.56023749e+01
 8.87868976e-02
 1.12947147e+00
 5.56016119e-01
 6.84217487e+00
 6.75154321e-03
 2.61738401e+01
 1.34061132e-01
 1.02408216e+00
 2.93270851e-01
 1.05101854e+01
 1.27758067e-02
 3.25003307e+01
 1.95506594e-01
 1.80687835e+00
 9.08159661e-01
 5.10709075e+00
 1.34621722e-02
 3.25415298e+01
 1.51359343e-01
 1.50005181e+00
 4.44802520e-01
 7.69266985e+00
 9.23314519e-03
 1.85738206e+01
 1.28290779e-01
 1.89502269e+00
 6.70308321e-01
 1.57111352e+01
 1.09094244e-02
 2.77963354e+01
 1.67561720e-01
 1.31711866e+00
 5.02314815e-01
 6.54234288e+00
 6.49662805e-03
 4.81279013e+01
 1.14909542e-01
 1.25004318e+00
 5.11030240e-01
 5.37700319e+00
 8.83120280e-03
 3.71066463e+01
 2.04552520e-01
 1.40004280e+00
 4.48560816e-01
 4.31112645e+00
 1.01733083e-02
 4.10029846e+01
 9.70003450e-02
 1.43371502e+00
 4.94381544e-01
 1.13158038e+01
 6.70754921e-03
 5.01288342e+01
 9.27496780e-02
 7.74306021e-01
 1.03429295e+00
 5.17335173e+00
 1.20794939e-02
 3.38091470e+01
 2.90628447e-01
 9.75990174e-01
 7.97222222e-01
 4.58254955e+00
 9.23041633e-03
 4.49021269e+01
 1.28903013e-01
 1.18364483e+00
 6.81576254e-01
 8.21433794e+00
 1.18204439e-02
 3.25563055e+01
 1.44228619e-01
 1.09749828e+00
 3.54882111e-01
 8.10114137e+00
 6.71016185e-03
 3.09184148e+01
 2.09541606e-01
 1.05856895e+00
 5.08935779e-01
 6.87075885e+00
 5.57940443e-03
 3.57496352e+01
 9.69685879e-02
 8.57169062e-01
 7.35605638e-01
 5.81640891e+00
 1.64720417e-02
 3.74314057e+01
 1.56404654e-01
 8.06765333e-01
 8.11128796e-01
 7.30046098e+00
 8.65097737e-03
 4.91673012e+01
 2.09522399e-01
 1.69345164e+00
 5.21348847e-01
 9.04932806e+00
 8.05219422e-03
 4.15410090e+01
 1.99305556e-01
 8.52964953e-01
 5.49821963e-01
 8.79453231e+00
 1.48364207e-02
 4.34882959e+01
 2.37452372e-01
 1.54305793e+00
 6.92134162e-01
 6.78581039e+00
 6.33720571e-03
 5.41220003e+01
 1.77306659e-01
 9.74056024e-01
 5.04531142e-01
 7.98253735e+00
 9.76723251e-03
 4.49597044e+01
 2.16428904e-01
 8.57169062e-01
 9.68761489e-01
 4.19098874e+00
 1.35801555e-02
 6.01459797e+01
 1.84678240e-01
 1.22889859e+00
 6.16075345e-01
 1.13941053e+01
 1.02679224e-02
 3.86978818e+01
 1.00158763e-01
 1.29955810e+00
 4.90469503e-01
 1.01352072e+01
 1.28599993e-02
 4.63597489e+01
 1.07155992e-01
 4.52155497e-01
 4.20533622e-01
 1.08140593e+01
 1.59034459e-02
 3.10327926e+01
 1.30799678e-01
 1.89620374e+00
 5.08935779e-01
 1.21087955e+01
 9.97817169e-03
 2.83399303e+01
 1.89155736e-01
 7.31487255e-01
 3.84805102e-01
 7.47852100e+00
 1.06063849e-02
 3.47619116e+01
 1.85956150e-01
 1.34287670e+00
 4.28623969e-01
 4.52235683e+00
 1.26705621e-02
 2.80355748e+01
 1.54592074e-01
 1.01564597e+00
 3.83031806e-01
 7.14992705e+00
 9.62016572e-03
 3.45903036e+01
 1.34061132e-01
 1.72764544e+00
 1.00970085e+00
 8.26471778e+00
 8.44697478e-03
 1.82604273e+01
 1.32468042e-01
 8.66931981e-01
 4.89516215e-01
 6.87385161e+00
 1.18751682e-02
 2.88496118e+01
 2.37544862e-01
 1.85166951e+00
 5.23198714e-01
 1.15428749e+01
 1.06465056e-02
 3.18056968e+01
 1.98411418e-01
 1.63956186e+00
 4.00635054e-01
 1.15706049e+01
 9.34815125e-03
 2.73685909e+01
 1.52599625e-01
 1.06209511e+00
 1.10854269e+00
 6.75453938e+00
 6.56471152e-03
 4.01668951e+01
 1.73500882e-01
 1.36000523e+00
 6.38790336e-01
 7.07024737e+00
 7.90895062e-03
 2.59748201e+01
 1.62209609e-01
 2.03232826e+00
 4.90469503e-01
 4.27561224e+00
 7.98250567e-03
 2.35848288e+01
 1.69502306e-01
 1.24768519e+00
 4.27635930e-01
 9.47454499e+00
 9.30983779e-03
 3.27222222e+01
 1.56029816e-01
 8.99194089e-01
 7.21429680e-01
 1.41236283e+01
 9.34815125e-03
 5.12240700e+01
 1.60873359e-01
 1.55344107e+00
 5.08935779e-01
 1.16401794e+01
 8.83120280e-03
 4.80536884e+01
 1.15441530e-01
 8.49469070e-01
 6.40515628e-01
 1.08641244e+01
 7.54447128e-03
 4.96670348e+01
 2.35573412e-01
 1.63956186e+00
 7.24158629e-01
 1.01821295e+01
 1.36315251e-02
 4.20402431e+01
 2.15528509e-01
 1.32262108e+00
 4.36230668e-01
 5.27452362e+00
 1.90139605e-02
 7.26138891e+01
 1.19737585e-01
 5.87896683e-01
 7.43824600e-01
 7.76008884e+00
 1.65398303e-02
 6.70530477e+01
 2.30925224e-01
 8.09817082e-01
 6.64351852e-01
 5.36812948e+00
 1.29737094e-02
 4.50788627e+01
 1.55717593e-01
 8.33358810e-01
 4.24213159e-01
 6.95131796e+00
 4.80448714e-03
 5.63234489e+01
 2.34607912e-01
 9.95422136e-01
 5.94025680e-01
 9.50013455e+00
 1.09061765e-02
 3.53773836e+01
 2.33526770e-01
 1.54889485e+00
 5.25679289e-01
 1.18752153e+01
 8.31514308e-03
 2.96879205e+01
 1.28290779e-01
 1.78448335e+00
 8.67795367e-01
 9.38724149e+00
 1.53964262e-02
 4.13835207e+01
 3.25532407e-01
 1.02408216e+00
 5.82006663e-01
 6.97761269e+00
 7.94556613e-03
 5.48123320e+01
 1.53888994e-01
 8.19262474e-01
 5.93257853e-01
 6.03557702e+00
 8.33435495e-03
 3.09926917e+01
 1.26120729e-01
 7.64388605e-01
 6.78699604e-01
 7.76008884e+00
 9.19473313e-03
 6.84862031e+01
 1.91637101e-01
 9.45154596e-01
 4.58391213e-01
 8.20867418e+00
 7.91412445e-03
 4.40179427e+01
 1.13130019e-01
 8.11713354e-01
 6.13236289e-01
 5.31990731e+00
 9.16369938e-03
 7.97319957e+01
 2.72447898e-01
 1.09267477e+00
 4.27635930e-01
 6.95131796e+00
 9.57900681e-03
 8.38166422e+01
 2.77027768e-01
 1.95044653e+00
 5.15306914e-01
 1.17231160e+01
 5.96633814e-03
 3.29832944e+01
 1.79607090e-01
 6.69206267e-01
 8.67795367e-01
 5.47371818e+00
 7.72244609e-03
 5.74740409e+01
 2.67055573e-01
 1.20457606e+00
 5.35959658e-01
 6.26281772e+00
 7.12726549e-03
 3.19194439e+01
 2.60697107e-01
 8.85477660e-01
 6.33735587e-01
 5.95510731e+00
 1.30874118e-02
 5.78530245e+01
 1.00429280e-01
 1.19465300e+00
 4.76801642e-01
 6.41016086e+00
 1.19738060e-02
 2.39374448e+01
 2.25553517e-01
 2.16845278e+00
 1.10811107e+00
 9.19367860e+00
 1.31969368e-02
 2.84088517e+01
 2.15626371e-01
 8.49469070e-01
 4.36100793e-01
 9.89004051e+00
 1.44229757e-02
 3.47594763e+01
 1.92945477e-01
 1.38660197e+00
 5.47534573e-01
 6.49373078e+00
 1.12184769e-02
 4.21645557e+01
 1.35800483e-01
 1.02829664e+00
 3.24685251e-01
 9.65544839e+00
 7.03914565e-03
 2.09549437e+01
 1.67577080e-01
 1.25887172e+00
 4.92634636e-01
 5.17335173e+00
 6.05875928e-03
 4.04085584e+01
 1.96311176e-01
 6.63897987e-01
 8.14809328e-01
 6.87322154e+00
 6.92865075e-03
 3.53773836e+01
 2.14561590e-01
 1.22889859e+00
 7.41821035e-01
 9.19367860e+00
 6.31123263e-03
 2.61738401e+01
 2.60338610e-01
 1.39962598e+00
 7.69750748e-01
 1.10287591e+01
 1.04664190e-02
