   2.2000000e+02
   7.8333333e-01
   7.8333333e-01
   7.8333333e-01
   7.8333333e-01
   7.8333333e-01
   7.8333333e-01
   1.0444444e+00
   1.3055556e+00
   7.8333333e-01
   7.8333333e-01
   1.0444444e+00
   7.8333333e-01
   7.8333333e-01
   1.5666667e+00
   4.4444444e-01
   4.4444444e-01
   7.8333333e-01
   7.8333333e-01
   7.8333333e-01
   1.0444444e+00
   1.0444444e+00
   1.0444444e+00
   7.8333333e-01
   7.8333333e-01
   7.8333333e-01
   1.0444444e+00
   7.8333333e-01
   2.6111111e-01
   7.8333333e-01
   7.8333333e-01
   7.8333333e-01
   7.8333333e-01
   7.8333333e-01
   5.2222222e-01
   5.2222222e-01
   5.2222222e-01
   5.2222222e-01
   5.2222222e-01
   1.0444444e+00
   5.2222222e-01
   4.4444444e-01
   5.2222222e-01
   5.2222222e-01
   5.2222222e-01
   5.2222222e-01
   2.7777778e+00
   4.4444444e-01
   4.4444444e-01
   4.4444444e-01
   4.4444444e-01
   2.7777778e+00
   8.2222222e-01
   8.2222222e-01
   8.2222222e-01
   8.2222222e-01
   8.2222222e-01
   8.2222222e-01
   8.2222222e-01
   8.8333333e-01
   8.8333333e-01
   8.8333333e-01
   1.0444444e+00
   1.0000000e+01
   7.8333333e-01
   1.0444444e+00
   1.0444444e+00
   1.3055556e+00
   1.3055556e+00
   1.0444444e+00
   1.3055556e+00
   1.3055556e+00
   1.0444444e+00
   1.3055556e+00
   1.0444444e+00
   2.6111111e-01
   2.6111111e-01
   2.6111111e-01
   2.6111111e-01
   1.0444444e+00
   4.4444444e-01
   5.2222222e-01
   5.3333333e-01
   5.3333333e-01
   3.5555556e-01
   5.3333333e-01
   5.3333333e-01
   4.4444444e-01
   1.3055556e+00
   1.5666667e+00
   5.3333333e-01
   5.3333333e-01
   5.2222222e-01
   5.2222222e-01
   5.2222222e-01
   2.2222222e-01
   1.3444444e+00
   4.4444444e-01
   5.2222222e-01
   5.2222222e-01
   5.2222222e-01
   5.2222222e-01
   5.2222222e-01
   2.2222222e-01
   5.2222222e-01
   5.2222222e-01
   7.8333333e-01
   7.8333333e-01
   4.4444444e-01
   4.4444444e-01
   9.8333333e-01
   1.7055556e+00
   1.1333333e+01
   1.5444444e+00
   1.8666667e+00
   1.1333333e+01
   1.5444444e+00
   1.5055556e+00
   7.8333333e-01
   7.8333333e-01
   7.8333333e-01
   7.8333333e-01
   7.8333333e-01
   2.2222222e-01
   7.8333333e-01
   7.8333333e-01
   7.8333333e-01
   7.8333333e-01
   7.8333333e-01
   7.8333333e-01
   7.8333333e-01
   4.4444444e-01
   5.2222222e-01
   8.2222222e-01
   5.3333333e-01
   5.3333333e-01
   5.2222222e-01
   4.4444444e-01
   4.4444444e-01
   1.3055556e+00
   1.5055556e+00
   1.5055556e+00
   1.3444444e+00
   4.2222222e-01
   7.8333333e-01
   7.8333333e-01
   5.2222222e-01
   4.4444444e-01
   4.4444444e-01
   1.0444444e+00
   5.2222222e-01
   5.2222222e-01
   4.4444444e-01
   7.8333333e-01
   7.8333333e-01
   7.8333333e-01
   5.2222222e-01
   2.2222222e-01
   5.2222222e-01
   5.2222222e-01
   7.8333333e-01
   7.8333333e-01
   7.8333333e-01
   7.8333333e-01
   1.5666667e+00
   1.0000000e+01
   1.0000000e+01
   7.8333333e-01
   5.2222222e-01
   1.0444444e+00
   1.5666667e+00
   7.8333333e-01
   7.8333333e-01
   1.0444444e+00
   1.0444444e+00
   7.8333333e-01
   7.8333333e-01
   7.8333333e-01
   4.4444444e-01
   4.4444444e-01
   5.2222222e-01
   2.7777778e+00
   4.4444444e-01
   4.4444444e-01
   4.4444444e-01
   4.4444444e-01
   4.4444444e-01
   8.8888889e-01
   8.8888889e-01
   6.6666667e-01
   5.2222222e-01
   4.4444444e-01
   2.7777778e+00
   2.7777778e+00
   2.7777778e+00
   2.7777778e+00
   2.7777778e+00
   2.7777778e+00
   1.3055556e+00
   1.0444444e+00
   6.6666667e-01
   7.8333333e-01
   7.8333333e-01
   4.4444444e-01
   1.7777778e-01
   2.7777778e+00
   2.0833333e+00
   2.0833333e+00
   2.0833333e+00
   2.0833333e+00
   2.0833333e+00
   4.4444444e-01
   4.4444444e-01
   4.4444444e-01
   5.2222222e-01
   1.0444444e+00
   7.8333333e-01
   1.0444444e+00
   1.0444444e+00
   1.3055556e+00
   1.0444444e+00
