133
157
252
511
180
227
100
243
148
293
229
3
276
352
990
303
297
482
366
24
832
1140
161
182
33
43
180
90
211
263
97
528
15
14
135
651
72
72
144
1365
367
243
1365
1365
1365
1365
1365
486
156
159
990
990
990
990
990
378
408
264
124
226
298
602
198
182
126
232
166
355
239
1
180
245
1090
254
262
482
383
38
749
1073
228
222
61
60
223
84
289
348
88
604
32
29
160
695
76
72
122
1465
387
296
1465
1465
1465
1465
1465
527
161
161
1090
1090
1090
1090
1090
377
365
277
120
185
303
594
191
182
123
275
148
345
311
2
210
317
1030
301
318
503
392
47
736
1074
224
222
65
62
219
94
323
355
113
545
30
23
132
705
59
60
127
1364
326
254
1364
1364
1364
1364
1364
545
208
206
1030
1030
1030
1030
1030
368
379
337
160
226
320
652
236
210
109
251
162
367
279
3
203
382
1062
372
372
529
448
52
696
1045
224
222
74
63
251
111
333
382
111
584
39
28
153
780
78
71
104
1471
471
356
1471
1471
1471
1471
1471
578
220
194
1062
1062
1062
1062
1062
403
381
299
115
226
337
666
275
265
132
262
188
403
304
5
187
307
1062
307
340
547
428
58
724
1033
222
225
62
70
270
104
349
428
137
562
46
31
181
742
66
69
119
1458
419
371
1458
1458
1458
1458
1458
543
235
242
1062
1062
1062
1062
1062
431
317
287
121
207
296
650
221
239
135
317
171
430
335
5
181
197
1091
220
251
520
433
51
748
1033
199
202
67
59
271
88
312
398
124
518
25
24
167
688
63
63
134
1394
429
309
1394
1394
1394
1394
1394
494
208
207
1091
1091
1091
1091
1091
498
327
321
125
205
277
728
205
208
115
344
199
366
368
5
176
165
1048
160
206
475
402
74
617
886
220
205
69
63
259
99
301
350
115
545
29
22
138
581
49
72
121
1330
400
279
1330
1330
1330
1330
1330
489
190
182
1048
1048
1048
1048
1048
459
280
289
129
187
275
610
201
202
98
347
192
375
359
5
134
105
882
98
146
465
357
49
591
798
196
192
69
50
237
86
274
346
85
517
25
19
124
533
63
71
144
1374
426
259
1374
1374
1374
1374
1374
512
190
213
882
882
882
882
882
453
266
354
157
229
311
604
214
258
120
324
220
412
366
2
167
140
970
120
142
487
354
45
573
751
186
184
86
45
269
76
289
348
77
482
15
21
127
528
65
76
136
1322
360
283
1322
1322
1322
1322
1322
420
171
192
970
970
970
970
970
371
267
318
155
183
301
562
190
272
113
328
239
435
400
7
183
137
895
102
141
476
431
55
602
718
179
186
126
39
258
74
265
354
81
431
25
17
153
526
86
124
179
1322
366
250
1322
1322
1322
1322
1322
381
205
198
895
895
895
895
895
393
252
310
169
214
290
583
190
262
113
343
208
391
332
3
167
130
915
94
125
480
412
48
616
761
191
191
123
40
298
78
267
352
76
483
25
8
165
533
76
96
129
1316
347
250
1316
1316
1316
1316
1316
447
217
191
915
915
915
915
915
370
298
334
182
220
294
613
190
270
103
336
246
396
363
3
187
121
922
104
128
544
440
54
572
711
175
191
88
40
260
82
283
355
76
506
25
19
165
524
58
83
174
1218
354
250
1218
1218
1218
1218
1218
437
198
209
922
922
922
922
922
418
286
368
