   4.4000000e+01
   1.3000000e+01
   5.0000000e+00
   2.0000000e+01
   2.0000000e+01
   2.0000000e+01
   2.0000000e+01
   2.0000000e+01
   2.0000000e+01
   2.0000000e+01
   3.5000000e+02
   2.0000000e+01
   2.0000000e+01
   2.0000000e+01
   2.0000000e+01
   8.0000000e+00
   8.0000000e+00
   8.0000000e+00
   8.0000000e+00
   2.0000000e+01
   2.0000000e+01
   2.0000000e+01
   2.0000000e+01
   2.0000000e+01
   2.0000000e+01
   2.0000000e+01
   2.8100000e+02
   2.0000000e+01
   2.0000000e+01
   2.0000000e+01
   2.0000000e+01
   2.8000000e+02
   2.0000000e+01
   2.0000000e+01
   8.0000000e+02
   2.0000000e+01
   7.0000000e+02
   1.1000000e+03
   2.3000000e+02
   7.0000000e+01
   2.0000000e+01
   2.0000000e+01
   1.7000000e+02
   1.7000000e+02
   2.0000000e+01
   2.0000000e+01
   2.0000000e+01
   2.0000000e+01
   2.0000000e+01
   2.0000000e+01
   2.0000000e+01
   2.0000000e+01
   2.0000000e+01
   2.0000000e+01
   3.5000000e+02
   2.0000000e+01
   2.0000000e+01
   2.0000000e+01
   2.0000000e+01
   8.0000000e+00
   8.0000000e+00
   8.0000000e+00
   8.0000000e+00
   2.0000000e+01
   2.0000000e+01
   2.0000000e+01
   2.0000000e+01
   2.0000000e+01
   2.0000000e+01
   2.0000000e+01
   2.8100000e+02
   2.0000000e+01
   2.0000000e+01
   2.0000000e+01
   2.0000000e+01
   2.8000000e+02
   2.0000000e+01
   2.0000000e+01
   8.0000000e+02
   2.0000000e+01
   7.0000000e+02
   1.1000000e+03
   2.3000000e+02
   7.0000000e+01
   2.0000000e+01
   2.0000000e+01
   1.7000000e+02
   1.7000000e+02
   2.0000000e+01
   2.0000000e+01
   2.0000000e+01
   2.0000000e+01
   2.0000000e+01
   2.0000000e+01
   2.0000000e+01
   2.0000000e+01
   2.0000000e+01
   2.0000000e+01
   3.5000000e+02
   2.0000000e+01
   2.0000000e+01
   2.0000000e+01
   2.0000000e+01
   8.0000000e+00
   8.0000000e+00
   8.0000000e+00
   8.0000000e+00
   2.0000000e+01
   2.0000000e+01
   2.0000000e+01
   2.0000000e+01
   2.0000000e+01
   2.0000000e+01
   2.0000000e+01
   2.8100000e+02
   2.0000000e+01
   2.0000000e+01
   2.0000000e+01
   2.0000000e+01
   2.8000000e+02
   2.0000000e+01
   2.0000000e+01
   8.0000000e+02
   2.0000000e+01
   7.0000000e+02
   1.1000000e+03
   2.3000000e+02
   7.0000000e+01
   2.0000000e+01
   2.0000000e+01
   1.7000000e+02
   1.7000000e+02
   2.0000000e+01
   2.0000000e+01
   2.0000000e+01
   2.0000000e+01
   2.0000000e+01
   2.0000000e+01
   2.0000000e+01
   2.0000000e+01
   2.0000000e+01
   2.0000000e+01
   3.5000000e+02
   2.0000000e+01
   2.0000000e+01
   2.0000000e+01
   2.0000000e+01
   8.0000000e+00
   8.0000000e+00
   8.0000000e+00
   8.0000000e+00
   2.0000000e+01
   2.0000000e+01
   2.0000000e+01
   2.0000000e+01
   2.0000000e+01
   2.0000000e+01
   2.0000000e+01
   2.8100000e+02
   2.0000000e+01
   2.0000000e+01
   2.0000000e+01
   2.0000000e+01
   2.8000000e+02
   2.0000000e+01
   2.0000000e+01
   8.0000000e+02
   2.0000000e+01
   7.0000000e+02
   1.1000000e+03
   2.3000000e+02
   7.0000000e+01
   2.0000000e+01
   2.0000000e+01
   1.7000000e+02
   1.7000000e+02
   2.0000000e+01
   2.0000000e+01
   2.0000000e+01
   2.0000000e+01
   2.0000000e+01
   2.0000000e+01
   2.0000000e+01
   2.0000000e+01
   2.0000000e+01
   2.0000000e+01
   3.5000000e+02
   2.0000000e+01
   2.0000000e+01
   2.0000000e+01
   2.0000000e+01
   8.0000000e+00
   8.0000000e+00
   8.0000000e+00
   8.0000000e+00
   2.0000000e+01
   2.0000000e+01
   2.0000000e+01
   2.0000000e+01
   2.0000000e+01
   2.0000000e+01
   2.0000000e+01
   2.8100000e+02
   2.0000000e+01
   2.0000000e+01
   2.0000000e+01
   2.0000000e+01
   2.8000000e+02
   2.0000000e+01
   2.0000000e+01
   8.0000000e+02
   2.0000000e+01
   7.0000000e+02
   1.1000000e+03
   2.3000000e+02
   7.0000000e+01
   2.0000000e+01
   2.0000000e+01
   1.7000000e+02
   1.7000000e+02
   2.0000000e+01
   2.0000000e+01
   2.0000000e+01
   2.0000000e+01
   2.0000000e+01
   2.0000000e+01
   2.0000000e+01
   2.0000000e+01
   2.0000000e+01
   2.0000000e+01
   3.5000000e+02
   2.0000000e+01
   2.0000000e+01
   2.0000000e+01
   2.0000000e+01
   8.0000000e+00
   8.0000000e+00
   8.0000000e+00
   8.0000000e+00
   2.0000000e+01
   2.0000000e+01
   2.0000000e+01
   2.0000000e+01
   2.0000000e+01
   2.0000000e+01
   2.0000000e+01
   2.8100000e+02
   2.0000000e+01
   2.0000000e+01
   2.0000000e+01
   2.0000000e+01
   2.8000000e+02
   2.0000000e+01
   2.0000000e+01
   8.0000000e+02
   2.0000000e+01
   7.0000000e+02
   1.1000000e+03
   2.3000000e+02
   7.0000000e+01
   2.0000000e+01
   2.0000000e+01
   1.7000000e+02
   1.7000000e+02
   2.0000000e+01
   2.0000000e+01
   2.0000000e+01
   2.0000000e+01
   2.0000000e+01
   2.0000000e+01
   2.0000000e+01
   2.0000000e+01
   2.0000000e+01
   2.0000000e+01
   3.5000000e+02
   2.0000000e+01
   2.0000000e+01
   2.0000000e+01
   2.0000000e+01
   8.0000000e+00
   8.0000000e+00
   8.0000000e+00
   8.0000000e+00
   2.0000000e+01
   2.0000000e+01
   2.0000000e+01
   2.0000000e+01
   2.0000000e+01
   2.0000000e+01
   2.0000000e+01
   2.8100000e+02
   2.0000000e+01
   2.0000000e+01
   2.0000000e+01
   2.0000000e+01
   2.8000000e+02
   2.0000000e+01
   2.0000000e+01
   8.0000000e+02
   2.0000000e+01
   7.0000000e+02
   1.1000000e+03
   2.3000000e+02
   7.0000000e+01
   2.0000000e+01
   2.0000000e+01
   1.7000000e+02
   1.7000000e+02
   2.0000000e+01
   2.0000000e+01
   2.0000000e+01
   2.0000000e+01
   2.0000000e+01
   2.0000000e+01
   2.0000000e+01
   2.0000000e+01
   2.0000000e+01
   2.0000000e+01
   3.5000000e+02
   2.0000000e+01
   2.0000000e+01
   2.0000000e+01
   2.0000000e+01
   8.0000000e+00
   8.0000000e+00
   8.0000000e+00
   8.0000000e+00
   2.0000000e+01
   2.0000000e+01
   2.0000000e+01
   2.0000000e+01
   2.0000000e+01
   2.0000000e+01
   2.0000000e+01
   2.8100000e+02
   2.0000000e+01
   2.0000000e+01
   2.0000000e+01
   2.0000000e+01
   2.8000000e+02
   2.0000000e+01
   2.0000000e+01
   8.0000000e+02
   2.0000000e+01
   7.0000000e+02
   1.1000000e+03
   2.3000000e+02
   7.0000000e+01
   2.0000000e+01
   2.0000000e+01
   1.7000000e+02
   1.7000000e+02
   2.0000000e+01
   2.0000000e+01
   2.0000000e+01
   2.0000000e+01
   2.0000000e+01
   2.0000000e+01
   2.0000000e+01
   2.0000000e+01
   2.0000000e+01
   2.0000000e+01
   3.5000000e+02
   2.0000000e+01
   2.0000000e+01
   2.0000000e+01
   2.0000000e+01
   8.0000000e+00
   8.0000000e+00
   8.0000000e+00
   8.0000000e+00
   2.0000000e+01
   2.0000000e+01
   2.0000000e+01
   2.0000000e+01
   2.0000000e+01
   2.0000000e+01
   2.0000000e+01
   2.8100000e+02
   2.0000000e+01
   2.0000000e+01
   2.0000000e+01
   2.0000000e+01
   2.8000000e+02
   2.0000000e+01
   2.0000000e+01
   8.0000000e+02
   2.0000000e+01
   7.0000000e+02
   1.1000000e+03
   2.3000000e+02
   7.0000000e+01
   2.0000000e+01
   2.0000000e+01
   1.7000000e+02
   1.7000000e+02
   2.0000000e+01
   2.0000000e+01
   2.0000000e+01
   2.0000000e+01
   2.0000000e+01
   2.0000000e+01
   2.0000000e+01
   2.0000000e+01
   2.0000000e+01
   2.0000000e+01
   3.5000000e+02
   2.0000000e+01
   2.0000000e+01
   2.0000000e+01
   2.0000000e+01
   8.0000000e+00
   8.0000000e+00
   8.0000000e+00
   8.0000000e+00
   2.0000000e+01
   2.0000000e+01
   2.0000000e+01
   2.0000000e+01
   2.0000000e+01
   2.0000000e+01
   2.0000000e+01
   2.8100000e+02
   2.0000000e+01
   2.0000000e+01
   2.0000000e+01
   2.0000000e+01
   2.8000000e+02
   2.0000000e+01
   2.0000000e+01
   8.0000000e+02
   2.0000000e+01
   7.0000000e+02
   1.1000000e+03
   2.3000000e+02
   7.0000000e+01
   2.0000000e+01
   2.0000000e+01
   1.7000000e+02
   1.7000000e+02
   2.0000000e+01
   2.0000000e+01
   2.0000000e+01
   2.0000000e+01
   2.0000000e+01
   2.0000000e+01
   2.0000000e+01
   2.0000000e+01
   2.0000000e+01
   2.0000000e+01
   3.5000000e+02
   2.0000000e+01
   2.0000000e+01
   2.0000000e+01
   2.0000000e+01
   8.0000000e+00
   8.0000000e+00
   8.0000000e+00
   8.0000000e+00
   2.0000000e+01
   2.0000000e+01
   2.0000000e+01
   2.0000000e+01
   2.0000000e+01
   2.0000000e+01
   2.0000000e+01
   2.8100000e+02
   2.0000000e+01
   2.0000000e+01
   2.0000000e+01
   2.0000000e+01
   2.8000000e+02
   2.0000000e+01
   2.0000000e+01
   8.0000000e+02
   2.0000000e+01
   7.0000000e+02
   1.1000000e+03
   2.3000000e+02
   7.0000000e+01
   2.0000000e+01
   2.0000000e+01
   1.7000000e+02
   1.7000000e+02
   2.0000000e+01
   2.0000000e+01
   2.0000000e+01
   2.0000000e+01
   2.0000000e+01
   2.0000000e+01
   2.0000000e+01
   2.0000000e+01
   2.0000000e+01
   2.0000000e+01
   3.5000000e+02
   2.0000000e+01
   2.0000000e+01
   2.0000000e+01
   2.0000000e+01
   8.0000000e+00
   8.0000000e+00
   8.0000000e+00
   8.0000000e+00
   2.0000000e+01
   2.0000000e+01
   2.0000000e+01
   2.0000000e+01
   2.0000000e+01
   2.0000000e+01
   2.0000000e+01
   2.8100000e+02
   2.0000000e+01
   2.0000000e+01
   2.0000000e+01
   2.0000000e+01
   2.8000000e+02
   2.0000000e+01
   2.0000000e+01
   8.0000000e+02
   2.0000000e+01
   7.0000000e+02
   1.1000000e+03
   2.3000000e+02
   7.0000000e+01
   2.0000000e+01
   2.0000000e+01
   1.7000000e+02
   1.7000000e+02
   2.0000000e+01
   2.0000000e+01
   2.0000000e+01
   2.0000000e+01
   2.0000000e+01
   2.0000000e+01
   2.0000000e+01
   2.0000000e+01
   2.0000000e+01
   2.0000000e+01
   3.5000000e+02
   2.0000000e+01
   2.0000000e+01
   2.0000000e+01
   2.0000000e+01
   8.0000000e+00
   8.0000000e+00
   8.0000000e+00
   8.0000000e+00
   2.0000000e+01
   2.0000000e+01
   2.0000000e+01
   2.0000000e+01
   2.0000000e+01
   2.0000000e+01
   2.0000000e+01
   2.8100000e+02
   2.0000000e+01
   2.0000000e+01
   2.0000000e+01
   2.0000000e+01
   2.8000000e+02
   2.0000000e+01
   2.0000000e+01
   8.0000000e+02
   2.0000000e+01
   7.0000000e+02
   1.1000000e+03
   2.3000000e+02
   7.0000000e+01
   2.0000000e+01
   2.0000000e+01
   1.7000000e+02
   1.7000000e+02
   2.0000000e+01
   2.0000000e+01
   2.0000000e+01
