 2.20000000e+02
 7.83333330e-01
 7.83333330e-01
 7.83333330e-01
 7.83333330e-01
 7.83333330e-01
 7.83333330e-01
 1.04444440e+00
 1.30555560e+00
 7.83333330e-01
 7.83333330e-01
 1.04444440e+00
 7.83333330e-01
 7.83333330e-01
 1.56666670e+00
 4.44444440e-01
 4.44444440e-01
 7.83333330e-01
 7.83333330e-01
 7.83333330e-01
 1.04444440e+00
 1.04444440e+00
 1.04444440e+00
 7.83333330e-01
 7.83333330e-01
 7.83333330e-01
 1.04444440e+00
 7.83333330e-01
 2.61111110e-01
 7.83333330e-01
 7.83333330e-01
 7.83333330e-01
 7.83333330e-01
 7.83333330e-01
 5.22222220e-01
 5.22222220e-01
 5.22222220e-01
 5.22222220e-01
 5.22222220e-01
 1.04444440e+00
 5.22222220e-01
 4.44444440e-01
 5.22222220e-01
 5.22222220e-01
 5.22222220e-01
 5.22222220e-01
 2.77777780e+00
 4.44444440e-01
 4.44444440e-01
 4.44444440e-01
 4.44444440e-01
 2.77777780e+00
 5.22222220e-01
 5.22222220e-01
 5.22222220e-01
 5.22222220e-01
 5.22222220e-01
 5.22222220e-01
 5.22222220e-01
 7.83333330e-01
 7.83333330e-01
 7.83333330e-01
 1.04444440e+00
 1.00000000e+01
 7.83333330e-01
 1.04444440e+00
 1.04444440e+00
 1.30555560e+00
 1.30555560e+00
 1.04444440e+00
 1.30555560e+00
 1.30555560e+00
 1.04444440e+00
 1.30555560e+00
 1.04444440e+00
 2.61111110e-01
 2.61111110e-01
 2.61111110e-01
 2.61111110e-01
 1.04444440e+00
 4.44444440e-01
 5.22222220e-01
 5.33333330e-01
 5.33333330e-01
 3.55555560e-01
 5.33333330e-01
 5.33333330e-01
 4.44444440e-01
 1.30555560e+00
 1.56666670e+00
 5.33333330e-01
 5.33333330e-01
 5.22222220e-01
 5.22222220e-01
 5.22222220e-01
 2.22222220e-01
 1.04444440e+00
 4.44444440e-01
 5.22222220e-01
 5.22222220e-01
 5.22222220e-01
 5.22222220e-01
 5.22222220e-01
 2.22222220e-01
 5.22222220e-01
 5.22222220e-01
 7.83333330e-01
 7.83333330e-01
 4.44444440e-01
 4.44444440e-01
 7.83333330e-01
 1.50555560e+00
 1.13333330e+01
 1.54444440e+00
 1.86666670e+00
 1.13333330e+01
 1.54444440e+00
 1.50555560e+00
 7.83333330e-01
 7.83333330e-01
 7.83333330e-01
 7.83333330e-01
 7.83333330e-01
 2.22222220e-01
 7.83333330e-01
 7.83333330e-01
 7.83333330e-01
 7.83333330e-01
 7.83333330e-01
 7.83333330e-01
 7.83333330e-01
 4.44444440e-01
 5.22222220e-01
 5.22222220e-01
 5.33333330e-01
 5.33333330e-01
 5.22222220e-01
 4.44444440e-01
 4.44444440e-01
 1.30555560e+00
 1.30555560e+00
 1.30555560e+00
 1.04444440e+00
 2.22222220e-01
 7.83333330e-01
 7.83333330e-01
 5.22222220e-01
 4.44444440e-01
 4.44444440e-01
 1.04444440e+00
 5.22222220e-01
 5.22222220e-01
 4.44444440e-01
 7.83333330e-01
 7.83333330e-01
 7.83333330e-01
 5.22222220e-01
 2.22222220e-01
 5.22222220e-01
 5.22222220e-01
 7.83333330e-01
 7.83333330e-01
 7.83333330e-01
 7.83333330e-01
 1.56666670e+00
 1.00000000e+01
 1.00000000e+01
 7.83333330e-01
 5.22222220e-01
 1.04444440e+00
 1.56666670e+00
 7.83333330e-01
 7.83333330e-01
 1.04444440e+00
 1.04444440e+00
 7.83333330e-01
 7.83333330e-01
 7.83333330e-01
 4.44444440e-01
 4.44444440e-01
 5.22222220e-01
 2.77777780e+00
 4.44444440e-01
 4.44444440e-01
 4.44444440e-01
 4.44444440e-01
 4.44444440e-01
 8.88888890e-01
 8.88888890e-01
 6.66666670e-01
 5.22222220e-01
 4.44444440e-01
 2.77777780e+00
 2.77777780e+00
 2.77777780e+00
 2.77777780e+00
 2.77777780e+00
 2.77777780e+00
 1.30555560e+00
 1.04444440e+00
 6.66666670e-01
 7.83333330e-01
 7.83333330e-01
 4.44444440e-01
 1.77777780e-01
 2.77777780e+00
 2.08333330e+00
 2.08333330e+00
 2.08333330e+00
 2.08333330e+00
 2.08333330e+00
 4.44444440e-01
 4.44444440e-01
 4.44444440e-01
 5.22222220e-01
 1.04444440e+00
 7.83333330e-01
 1.04444440e+00
 1.04444440e+00
 1.30555560e+00
 1.04444440e+00
